5.72145223152297e+05
5.72141922940520e+05
5.72143237116944e+05
5.72144247603290e+05
5.72144672585305e+05
5.72142573818153e+05
5.72144349443037e+05
5.72144669408986e+05
5.72142346085025e+05
5.72142943618253e+05
5.72141381111120e+05
5.72141543562775e+05
5.72144057216094e+05
5.72144646500610e+05
5.72142860468721e+05
5.72143882084837e+05
5.72142883187067e+05
5.72143485811946e+05
5.72144371683541e+05
5.72146176844141e+05
5.72143037715529e+05
5.72140680933324e+05
5.72143104845002e+05
5.72143060679850e+05
5.72142800404013e+05
5.72143309064382e+05
5.72145318142493e+05
5.72144036137295e+05
5.72143447384170e+05
5.72140723787546e+05
5.72145387981403e+05
5.72143379114437e+05
5.72142468989577e+05
5.72144380802416e+05
5.72142688874498e+05
5.72143463291920e+05
5.72145665838535e+05
5.72143982633371e+05
5.72144030232929e+05
5.72143790683667+05
5.72143680754658e+05
5.72143454484350e+05
5.72143635950670e+05