5.72145133163495e+05
5.72146296971655e+05
5.72144475279740e+05
5.72145866458205e+05
5.72147287101967e+05
5.72150873964401e+05
5.72146851615325e+05
5.72146184964444e+05
5.72145492696819e+05
5.72145103121851e+05
5.72145572755297e+05
5.72148289466531e+05
5.72145663535120e+05
5.72145866105800e+05
5.72145312974256e+05
5.72147906308533e+05
5.72148332931089e+05
5.72146185909128e+05
5.72147157786124e+05
5.72146763360882e+05
5.72144739367390e+05
5.72147289564641e+05
5.72146883977464e+05
5.72147914044875e+05
5.72146565927437e+05
5.72145857506043e+05
5.72145502190066e+05
5.72144505271476e+05
5.72147766123605e+05
5.72145633079164e+05
5.72147681210799e+05
5.72146753532971e+05
5.72146387920183e+05
5.72145513709021e+05
5.72145248511181e+05
5.72146997814606e+05
5.72146041537131e+05
5.72146198367144e+05
5.72145422570699e+05
5.72145876317984e+05
5.72146522080014e+05
5.72146872371399e+05
5.72147039840381e+05
5.72146729582831e+05
5.72147394746225e+05
5.72148668867098e+05
5.72147268268319e+05
5.72146448132658e+05
5.72145859226649e+05
5.72145743689914e+05
5.72147572142320e+05
5.72147538650983e+05
5.72147301000799e+05
5.72143793885095e+05
5.72147798795925e+05
5.72147038559244e+05
5.72145869461657e+05
5.72146530548389e+05
5.72147341118412e+05
5.72146962731750e+05
5.72145710335376e+05
5.72148002776720e+05
5.72147347571872e+05
5.72145815068391e+05
5.72147954316515e+05
5.72147040583026e+05
5.72147093858379e+05
5.72144571995498e+05
5.72146804906259e+05
5.72145937821952e+05
5.72146330035815e+05
5.72145722833015e+05
5.72144344897477e+05
5.72147905335220e+05
5.72146486588913e+05
5.72145937863473e+05
5.72145201994297e+05
5.72145366022598e+05
5.72145978777218e+05
5.72146752214938e+05
5.72145579116292e+05
5.72147805744999e+05
5.72146603409751e+05
5.72146842879460e+05
5.72147885411701e+05
5.72145301233911e+05
5.72146854643595e+05
5.72146883388597e+05
5.72145207354472e+05
5.72147884293015e+05
5.72146878761102e+05
5.72148277264090e+05
5.72147809926426e+05
5.72146066156423e+05
5.72146375026525e+05
5.72145149501362e+05
5.72146061952502e+05
5.72145952482131e+05
5.72147532286808e+05
5.72147195406714e+05
