7.97303163975599e+06
7.97303439122152e+06
7.97303247476096e+06
7.97303316211275e+06
7.97303263607176e+06
7.97303112907876e+06
7.97302999006852e+06
7.97303302999336e+06
7.97303452688674e+06
7.97303352032912e+06
7.97302984238980e+06
7.97303044196516e+06
7.97303318307646e+06
7.97303154780246e+06
7.97303169533643e+06
7.97303343753786e+06
7.97303142776742e+06
7.97303408398933e+06
7.97303153569499e+06
7.97303188058689e+06
7.97303613926287e+06
7.97303341917923e+06
7.97303130578404e+06
7.97303227454161e+06
7.97303170968319e+06
7.97302984104492e+06
7.97303226718477e+06
7.97303098521310e+06
7.97303301068151e+06
7.97303595817153e+06
7.97303259482387e+06
7.97303224096935e+06
7.97303257663727e+06
7.97302891695142e+06
7.97303166415070e+06
7.97303254668950e+06
7.97303333987276e+06
7.97303187009613e+06
7.97303173728222e+06
7.97303193301007e+06
7.97303130126487e+06
7.97303127368443e+06
7.97303421587620e+06
7.97303033796738e+06
7.97303260067098e+06
7.97303117798639e+06
7.97303240582145e+06
7.97303091562355e+06
7.97303251709775e+06
7.97303170721086e+06
7.97303263431108e+06
7.97303388224596e+06
7.97303587702302e+06
7.97303325072502e+06
7.97303357582041e+06
7.97302965188264e+06
7.97303272444136e+06
7.97303449049235e+06
7.97303470725737e+06
7.97303201844778e+06
7.97303252124579e+06
7.97303102406865e+06
7.97303224137285e+06
7.97303278171208e+06
7.97303571215982e+06
7.97303364084085e+06
7.97303278191857e+06
7.97303290157071e+06
7.97303332680402e+06
7.97303364994608e+06
7.97303161288012e+06
7.97303255436060e+06
7.97303173993265e+06
7.97303272813207e+06
7.97303308057125e+06
7.97302722495316e+06
7.97303468093094e+06
7.97303080591097e+06
7.97303433426985e+06
7.97303343606639e+06
7.97303184685302e+06
7.97303182933652e+06
7.97303470918407e+06
7.97302912642225e+06
7.97303125834257e+06
7.97303131127729e+06
7.97303152171226e+06
7.97303168363239e+06
7.97303161618986e+06
7.97303292447676e+06
7.97303165622878e+06
7.97303365308381e+06
7.97303303992616e+06
7.97303176929197e+06
7.97303030238734e+06
7.97303439155941e+06
7.97303340980637e+06
7.97303316584406e+06
7.97303289504056e+06
7.97303429230766e+06
