7.97303473774749e+06
7.97303507062873e+06
7.97303423605687e+06
7.97303537113987e+06
7.97303349628377e+06
7.97303234340994e+06
7.97303311436629e+06
7.97303516726196e+06
7.97303365563414e+06
7.97303338232195e+06
7.97303466761988e+06
7.97303624546329e+06
7.97303385952002e+06
7.97303362148347e+06
7.97303330226624e+06
7.97303600562764e+06
7.97303400521375e+06
7.97303630034595e+06
7.97303288243305e+06
7.97303277269075e+06
7.97303474170562e+06
7.97303400918339e+06
7.97303115426485e+06
7.97303496883297e+06
7.97303312912327e+06
7.97303516475019e+06
7.97303407635658e+06
7.97303330248884e+06
7.97303389220655e+06
7.97303461326789e+06
7.97303351082433e+06
7.97303571001500e+06
7.97303198846222e+06
7.97303420348282e+06
7.97303431064622e+06
7.97303374089528e+06
7.97303434396897e+06
7.97303219213756e+06
7.97303532949480e+06
7.97303409165464e+06
7.97303463568964e+06
7.97303308734276e+06
7.97303565844292e+06
7.97303419053667e+06
7.97303548013982e+06
7.97303283559189e+06
7.97303296777812e+06
7.97303237877869e+06
7.97303406969676e+06
7.97303300897025e+06
7.97303416223094e+06
7.97303617368055e+06
7.97303383106114e+06
7.97303481588098e+06
7.97303555026424e+06
7.97303476048486e+06
7.97303381723068e+06
7.97303285724811e+06
7.97303609055176e+06
7.97303503586439e+06
7.97303633237314e+06
7.97303436499974e+06
7.97303310351882e+06
7.97303601603446e+06
7.97303361755396e+06
7.97303458035003e+06
7.97303348765706e+06
7.97303258784773e+06
7.97303299779951e+06
7.97303374114506e+06
7.97303340444354e+06
7.97303352444907e+06
7.97303321169785e+06
7.97303280360892e+06
7.97303165130697e+06
7.97303514358413e+06
7.97303420333846e+06
7.97303196936430e+06
7.97303457316172e+06
7.97303323767424e+06
7.97303285310878e+06
7.97303578501613e+06
7.97303406572321e+06
7.97303484372825e+06
7.97303390251622e+06
7.97303357540855e+06
7.97303297638918e+06
7.97303330308000e+06
7.97303163564775e+06
7.97303511541329e+06
7.97303344650988e+06
7.97303315260549e+06
7.97303296900049e+06
7.97303347357946e+06
7.97303611610849e+06
7.97303379818805e+06
7.97303327430178e+06
7.97303519668744e+06
7.97303455670169e+06
7.97303334881454e+06
