7.97303438650784e+06
7.97303626703620e+06
7.97303590451198e+06
7.97303590217388e+06
7.97303693468921e+06
7.97303535301600e+06
7.97303506797469e+06
7.97303507637836e+06
7.97303557548691e+06
7.97303453754486e+06
7.97303537557135e+06
7.97303588380842e+06
7.97303654013199e+06
7.97303537042262e+06
7.97303566169384e+06
7.97303452128366e+06
7.97303624615686e+06
7.97303526769744e+06
7.97303520189572e+06
7.97303545466972e+06
7.97303507198256e+06
7.97303529729646e+06
7.97303644054446e+06
7.97303598367506e+06
7.97303526953795e+06
7.97303497066502e+06
7.97303501641386e+06
7.97303614001894e+06
7.97303614142275e+06
7.97303496640994e+06
7.97303623942043e+06
7.97303598372227e+06
7.97303586959477e+06
7.97303556706812e+06
7.97303537926850e+06
7.97303588965315e+06
7.97303578247012e+06
7.97303499205422e+06
7.97303500598495e+06
7.97303470146877e+06
7.97303557633148e+06
7.97303508473605e+06
7.97303491762919e+06
7.97303521489654e+06
7.97303435075321e+06
7.97303535902956e+06
7.97303586458441e+06
7.97303522133479e+06
7.97303631591381e+06
7.97303525334447e+06
7.97303543592656e+06
7.97303543825152e+06
7.97303568590685e+06
7.97303593809028e+06
7.97303557410935e+06
7.97303578282332e+06
7.97303444932480e+06
7.97303560117628e+06
7.97303553057958e+06
7.97303566794033e+06
7.97303620743841e+06
7.97303443784568e+06
7.97303497877336e+06
7.97303466205324e+06
7.97303602276060e+06
7.97303611481070e+06
7.97303468320832e+06
7.97303564436482e+06
7.97303595786048e+06
7.97303515474029e+06
7.97303537883849e+06
7.97303512146751e+06
7.97303559933343e+06
7.97303612221060e+06
7.97303570615443e+06
7.97303515455724e+06
7.97303533118398e+06
7.97303552438448e+06
7.97303507553693e+06
7.97303530296639e+06
7.97303555699540e+06
7.97303512321249e+06
7.97303628771965e+06
7.97303501654542e+06
7.97303567713074e+06
7.97303603180443e+06
7.97303551803496e+06
7.97303490121849e+06
7.97303548036949e+06
7.97303551095673e+06
7.97303627530477e+06
7.97303497560150e+06
7.97303450227748e+06
7.97303625977016e+06
7.97303541556410e+06
7.97303497958179e+06
7.97303504537569e+06
7.97303479497725e+06
7.97303637302781e+06
7.97303499041988e+06
