7.97303556620683e+06
7.97303597698001e+06
7.97303591987978e+06
7.97303644173866e+06
7.97303517173049e+06
7.97303645847409e+06
7.97303504736299e+06
7.97303558487520e+06
7.97303437590131e+06
7.97303665195156e+06
7.97303577983886e+06
7.97303556268523e+06
7.97303540984352e+06
7.97303632756094e+06
7.97303461202586e+06
7.97303568245166e+06
7.97303550195447e+06
7.97303601191345e+06
7.97303687341087e+06
7.97303546726871e+06
7.97303600165656e+06
7.97303600192420e+06
7.97303516162784e+06
7.97303577189047e+06
7.97303532670799e+06
7.97303434856565e+06
7.97303528195490e+06
7.97303416962940e+06
7.97303559073749e+06
7.97303472508078e+06
7.97303544763731e+06
7.97303569135347e+06
7.97303570828599e+06
7.97303411244211e+06
7.97303516939437e+06
7.97303551966671e+06
7.97303438822838e+06
7.97303553160427e+06
7.97303578725049e+06
7.97303619893890e+06
7.97303435169500e+06
7.97303572542809e+06
7.97303657331098e+06
7.97303633540731e+06
7.97303655618766e+06
7.97303580414964e+06
7.97303572779578e+06
7.97303658259853e+06
7.97303529539687e+06
7.97303650929894e+06
7.97303597145909e+06
7.97303654835070e+06
7.97303617601735e+06
7.97303529244658e+06
7.97303672002734e+06
7.97303533542287e+06
7.97303527241430e+06
7.97303572982264e+06
7.97303592552049e+06
7.97303556905968e+06
7.97303495996356e+06
7.97303508267554e+06
7.97303388952728e+06
7.97303408610106e+06
7.97303483288480e+06
7.97303441840849e+06
7.97303527514623e+06
7.97303591526833e+06
7.97303596155776e+06
7.97303605081527e+06
7.97303629868478e+06
7.97303509881147e+06
7.97303720311153e+06
7.97303543485590e+06
7.97303403453463e+06
7.97303472297603e+06
7.97303481596868e+06
7.97303524452214e+06
7.97303524963877e+06
7.97303412347866e+06
7.97303509002954e+06
7.97303589914931e+06
7.97303566505536e+06
7.97303737243860e+06
7.97303507033446e+06
7.97303456064887e+06
7.97303526497811e+06
7.97303466375652e+06
7.97303519879864e+06
7.97303558042610e+06
7.97303570527864e+06
7.97303552303626e+06
7.97303462398050e+06
7.97303452977513e+06
7.97303494879037e+06
7.97303519747460e+06
7.97303703187102e+06
7.97303525436993e+06
7.97303590189262e+06
7.97303570213628e+06
