7.97303222890174e+06
7.97303424105929e+06
7.97302984762867e+06
7.97303025883367e+06
7.97303406737370e+06
7.97303216028391e+06
7.97303339264830e+06
7.97303124534153e+06
7.97303069315350e+06
7.97303221217056e+06
7.97303108853091e+06
7.97303326543800e+06
7.97302975631268e+06
7.97303252873012e+06
7.97303261411493e+06
7.97303527337190e+06
7.97303093076815e+06
7.97303340590198e+06
7.97303161075112e+06
7.97303348037188e+06
7.97303576125072e+06
7.97303325207335e+06
7.97303466243347e+06
7.97303091733525e+06
7.97303047383872e+06
7.97302795741183e+06
7.97303286909215e+06
7.97303292015523e+06
7.97303276155999e+06
7.97303224005119e+06
7.97302893105973e+06
7.97303330797655e+06
7.97303204576654e+06
7.97303345615833e+06
7.97303162650074e+06
7.97303246768350e+06
7.97303391437089e+06
7.97303259748585e+06
7.97302813481155e+06
7.97303402555269e+06
7.97303206265787e+06
7.97303037036184e+06
7.97303047567499e+06
7.97303306454762e+06
7.97303076678561e+06
7.97303063859288e+06
7.97303232825682e+06
7.97303715054432e+06
7.97303363276965e+06
7.97303154423719e+06
7.97303264834646e+06
7.97303185382281e+06
7.97303248636525e+06
7.97303355896543e+06
7.97303259879279e+06
7.97303215270868e+06
7.97303215960630e+06
7.97303256381192e+06
7.97303225848802e+06
7.97303156944379e+06
7.97303301912893e+06
7.97303024859100e+06
7.97303222992673e+06
7.97303070025423e+06
7.97303035524669e+06
7.97303529707803e+06
7.97303236769392e+06
7.97303051526605e+06
7.97303177783366e+06
7.97303155474987e+06
7.97303592884031e+06
7.97303514157596e+06
7.97303162917626e+06
7.97303415596729e+06
7.97303402175176e+06
7.97303219400885e+06
7.97303433514929e+06
7.97303287591949e+06
7.97303150115938e+06
7.97303266305992e+06
7.97303333287029e+06
7.97303331519564e+06
7.97303303654144e+06
7.97303234756801e+06
7.97303318606686e+06
7.97303125423140e+06
7.97303464050156e+06
7.97303442704118e+06
7.97303088103417e+06
7.97303326747556e+06
7.97303057149967e+06
7.97303144557717e+06
7.97303201963991e+06
7.97303146728099e+06
7.97303239591016e+06
7.97303124184189e+06
7.97303050884632e+06
7.97303104968985e+06
7.97303240537800e+06
7.97303031263114e+06
