7.97303279518873e+06
7.97303432262491e+06
7.97303346338338e+06
7.97303538201612e+06
7.97303325114631e+06
7.97303352210587e+06
7.97303236481859e+06
7.97303364933968e+06
7.97303359634022e+06
7.97303440188823e+06
7.97303413188562e+06
7.97303458354549e+06
7.97303509239574e+06
7.97303504552747e+06
7.97303427211693e+06
7.97303545718301e+06
7.97303381176834e+06
7.97303489630183e+06
7.97303410948150e+06
7.97303394423002e+06
7.97303437886549e+06
7.97303347374569e+06
7.97303429397622e+06
7.97303321907752e+06
7.97303495437915e+06
7.97303326557913e+06
7.97303388142164e+06
7.97303557153226e+06
7.97303399603222e+06
7.97303422315451e+06
7.97303429805945e+06
7.97303428281565e+06
7.97303322628851e+06
7.97303462086050e+06
7.97303260545859e+06
7.97303330688690e+06
7.97303343443720e+06
7.97303405948505e+06
7.97303340864212e+06
7.97303393752650e+06
7.97303321243122e+06
7.97303342513784e+06
7.97303333733382e+06
7.97303413041660e+06
7.97303225834485e+06
7.97303436145185e+06
7.97303360103878e+06
7.97303384599271e+06
7.97303424901169e+06
7.97303365881751e+06
7.97303342747919e+06
7.97303382947664e+06
7.97303569970584e+06
7.97303215867295e+06
7.97303438733087e+06
7.97303302681654e+06
7.97303427572090e+06
7.97303473183262e+06
7.97303341088261e+06
7.97303368033326e+06
7.97303545558351e+06
7.97303497292768e+06
7.97303341598017e+06
7.97303379999983e+06
7.97303410953126e+06
7.97303370997934e+06
7.97303233020627e+06
7.97303303607905e+06
7.97303493746114e+06
7.97303403500306e+06
7.97303288109876e+06
7.97303287272496e+06
7.97303359969806e+06
7.97303222439963e+06
7.97303505927760e+06
7.97303414134289e+06
7.97303408250511e+06
7.97303440134641e+06
7.97303401490448e+06
7.97303600908944e+06
7.97303279813121e+06
7.97303541043742e+06
7.97303381705354e+06
7.97303558599122e+06
7.97303470717761e+06
7.97303575104257e+06
7.97303378819829e+06
7.97303518228194e+06
7.97303433917358e+06
7.97303475293498e+06
7.97303280652361e+06
7.97303568684697e+06
7.97303397882865e+06
7.97303312451830e+06
7.97303397827702e+06
7.97303409499166e+06
7.97303291501655e+06
7.97303347165251e+06
7.97303530379333e+06
7.97303344612018e+06
