7.97303444616056e+06
7.97303533807831e+06
7.97303497684091e+06
7.97303511010761e+06
7.97303513642246e+06
7.97303534231672e+06
7.97303559340109e+06
7.97303547768257e+06
7.97303559240510e+06
7.97303624074384e+06
7.97303484180763e+06
7.97303518173109e+06
7.97303561106019e+06
7.97303445364217e+06
7.97303434904272e+06
7.97303547169521e+06
7.97303386701941e+06
7.97303673349967e+06
7.97303577154269e+06
7.97303549086654e+06
7.97303461586293e+06
7.97303585243569e+06
7.97303587192109e+06
7.97303378586284e+06
7.97303558967525e+06
7.97303642353588e+06
7.97303605730695e+06
7.97303487466649e+06
7.97303493895256e+06
7.97303634450710e+06
7.97303505919013e+06
7.97303421927414e+06
7.97303689313253e+06
7.97303505383411e+06
7.97303458608350e+06
7.97303496482434e+06
7.97303442120943e+06
7.97303518226171e+06
7.97303672377219e+06
7.97303615050953e+06
7.97303521390382e+06
7.97303469140820e+06
7.97303677146737e+06
7.97303460954274e+06
7.97303541167900e+06
7.97303495809452e+06
7.97303530784917e+06
7.97303539935887e+06
7.97303420504953e+06
7.97303516366736e+06
7.97303575880133e+06
7.97303445798676e+06
7.97303362710450e+06
7.97303588107941e+06
7.97303523880133e+06
7.97303591177919e+06
7.97303483404895e+06
7.97303619238304e+06
7.97303550574380e+06
7.97303337550424e+06
7.97303458897951e+06
7.97303527149106e+06
7.97303488464852e+06
7.97303487557489e+06
7.97303529352471e+06
7.97303676253196e+06
7.97303454704477e+06
7.97303466158625e+06
7.97303503297493e+06
7.97303448993941e+06
7.97303595162673e+06
7.97303546653216e+06
7.97303560322404e+06
7.97303477736532e+06
7.97303537130257e+06
7.97303459447871e+06
7.97303445250311e+06
7.97303602416982e+06
7.97303466314951e+06
7.97303519833834e+06
7.97303684638631e+06
7.97303482831560e+06
7.97303400546782e+06
7.97303452028102e+06
7.97303434804609e+06
7.97303523440883e+06
7.97303633057145e+06
7.97303551011460e+06
7.97303647015510e+06
7.97303489748279e+06
7.97303549836957e+06
7.97303515543487e+06
7.97303378741883e+06
7.97303482065912e+06
7.97303327423014e+06
7.97303496545884e+06
7.97303673577080e+06
7.97303583107330e+06
7.97303602063208e+06
7.97303484295522e+06
