7.97303624609755e+06
7.97303585280654e+06
7.97303558139714e+06
7.97303492438827e+06
7.97303672337446e+06
7.97303699734078e+06
7.97303508087045e+06
7.97303513086815e+06
7.97303736061062e+06
7.97303573113553e+06
7.97303488773847e+06
7.97303511243461e+06
7.97303562208542e+06
7.97303469533777e+06
7.97303582260237e+06
7.97303602711027e+06
7.97303568874914e+06
7.97303635595623e+06
7.97303488734333e+06
7.97303426683586e+06
7.97303441985892e+06
7.97303527017821e+06
7.97303548699491e+06
7.97303529732167e+06
7.97303723486953e+06
7.97303520903608e+06
7.97303572627945e+06
7.97303449656200e+06
7.97303494214819e+06
7.97303456833816e+06
7.97303555049665e+06
7.97303564192821e+06
7.97303595067594e+06
7.97303502989216e+06
7.97303498237336e+06
7.97303456503848e+06
7.97303521943504e+06
7.97303597265512e+06
7.97303701490878e+06
7.97303537956815e+06
7.97303647834676e+06
7.97303497523039e+06
7.97303665308768e+06
7.97303506017754e+06
7.97303618341721e+06
7.97303629897055e+06
7.97303590679148e+06
7.97303585004332e+06
7.97303586055765e+06
7.97303580918008e+06
7.97303565777478e+06
7.97303563506791e+06
7.97303513537229e+06
7.97303532321489e+06
7.97303492359120e+06
7.97303413682459e+06
7.97303535255400e+06
7.97303665771259e+06
7.97303647711281e+06
7.97303601662084e+06
7.97303480225803e+06
7.97303587228356e+06
7.97303649823343e+06
7.97303446008521e+06
7.97303624548802e+06
7.97303566397290e+06
7.97303487528541e+06
7.97303533134764e+06
7.97303660158087e+06
7.97303561386766e+06
7.97303664241911e+06
7.97303560874898e+06
7.97303475742223e+06
7.97303550098050e+06
7.97303437498282e+06
7.97303680206349e+06
7.97303592144529e+06
7.97303482866295e+06
7.97303677744305e+06
7.97303624670094e+06
7.97303586324287e+06
7.97303658067550e+06
7.97303485100004e+06
7.97303609308711e+06
7.97303607500714e+06
7.97303517366200e+06
7.97303442558244e+06
7.97303521323678e+06
7.97303736015554e+06
7.97303644438868e+06
7.97303574600958e+06
7.97303622418918e+06
7.97303587305859e+06
7.97303616569003e+06
7.97303591565286e+06
7.97303552957393e+06
7.97303449068725e+06
7.97303570080867e+06
7.97303518429954e+06
7.97303649589509e+06
