7.97303654720913e+06
7.97303572923364e+06
7.97303610105049e+06
7.97303532366651e+06
7.97303552442626e+06
7.97303621014459e+06
7.97303573827654e+06
7.97303395138348e+06
7.97303569828572e+06
7.97303558376011e+06
7.97303567168039e+06
7.97303544699799e+06
7.97303378947915e+06
7.97303508802055e+06
7.97303428716599e+06
7.97303518291792e+06
7.97303694610533e+06
7.97303597960205e+06
7.97303529310219e+06
7.97303468520392e+06
7.97303423137490e+06
7.97303685003507e+06
7.97303624056708e+06
7.97303448769620e+06
7.97303608294189e+06
7.97303601752167e+06
7.97303654521692e+06
7.97303390215652e+06
7.97303611020749e+06
7.97303489671679e+06
7.97303537320219e+06
7.97303453192824e+06
7.97303458827453e+06
7.97303612914377e+06
7.97303456889252e+06
7.97303529043800e+06
7.97303452431542e+06
7.97303546580238e+06
7.97303585116091e+06
7.97303558603221e+06
7.97303461838937e+06
7.97303400254650e+06
7.97303552988243e+06
7.97303519969527e+06
7.97303529637840e+06
7.97303531395378e+06
7.97303537959926e+06
7.97303625395931e+06
7.97303436133023e+06
7.97303589705081e+06
7.97303612758374e+06
7.97303407174730e+06
7.97303481981381e+06
7.97303570616372e+06
7.97303439932556e+06
7.97303507004775e+06
7.97303487678576e+06
7.97303484325623e+06
7.97303472700320e+06
7.97303588971344e+06
7.97303628013588e+06
7.97303561689377e+06
7.97303563306723e+06
7.97303594336914e+06
7.97303566491189e+06
7.97303591949719e+06
7.97303462875260e+06
7.97303491772367e+06
7.97303488718160e+06
7.97303513734382e+06
7.97303542181303e+06
7.97303606292218e+06
7.97303526790376e+06
7.97303481023046e+06
7.97303507347652e+06
7.97303587192296e+06
7.97303618197453e+06
7.97303575958838e+06
7.97303595417262e+06
7.97303569849035e+06
7.97303654687272e+06
7.97303506354969e+06
7.97303622404561e+06
7.97303452274735e+06
7.97303578385055e+06
7.97303391256212e+06
7.97303523638327e+06
7.97303319468392e+06
7.97303620135688e+06
7.97303543963166e+06
7.97303512211265e+06
7.97303431112741e+06
7.97303417273559e+06
7.97303596809302e+06
7.97303365588060e+06
7.97303562697722e+06
7.97303465570386e+06
7.97303615631999e+06
7.97303581586976e+06
7.97303528100287e+06
