7.97300798208941e+06
7.97300650206506e+06
7.97300727067885e+06
7.97300320320110e+06
7.97300535295306e+06
7.97300657656940e+06
7.97300751583503e+06
7.97300600085110e+06
7.97300732118856e+06
7.97300464095088e+06
7.97300497316169e+06
7.97300727714077e+06
7.97300486892450e+06
7.97300655911281e+06
7.97300599029579e+06
7.97300437751481e+06
7.97300572659387e+06
7.97300786796381e+06
7.97300478458930e+06
7.97300757490060e+06
7.97300576015794e+06
7.97300730707654e+06
7.97300656489592e+06
7.97300724546161e+06
7.97300604095809e+06
7.97300487260213e+06
7.97300606472348e+06
7.97300654492769e+06
7.97300669046216e+06
7.97300676722874e+06
7.97300579222495e+06
7.97300716902638e+06
7.97300547093869e+06
7.97300811122879e+06
7.97300547944328e+06
7.97300478616460e+06
7.97300572811834e+06
7.97300557777160e+06
7.97300550519087e+06
7.97300474009254e+06
7.97300650735931e+06
7.97300674031687e+06
7.97300645841812e+06
7.97300687218699e+06
7.97300345873570e+06
7.97300661199226e+06
7.97300552081272e+06
7.97300464584265e+06
7.97300643721933e+06
7.97300662760240e+06
7.97300615936548e+06
7.97300605490991e+06
7.97300784711195e+06
7.97300730203111e+06
7.97300472612431e+06
7.97300614922588e+06
7.97300780447677e+06
7.97300543816419e+06
7.97300621256356e+06
7.97300560024248e+06
7.97300763428660e+06
7.97300607314502e+06
7.97300589509814e+06
7.97300610506102e+06
7.97300615793732e+06
7.97300614760966e+06
7.97300863805107e+06
7.97300565935608e+06
7.97300781875627e+06
7.97300776414863e+06
7.97300521950012e+06
7.97300608248802e+06
7.97300865564211e+06
7.97300623377542e+06
7.97300574619120e+06
7.97300473259204e+06
7.97300755345824e+06
7.97300399468689e+06
7.97300606704221e+06
7.97300650942466e+06
7.97300734223216e+06
7.97300486603076e+06
7.97300715156201e+06
7.97300669861117e+06
7.97300612774760e+06
7.97300729559464e+06
7.97300686588190e+06
7.97300693418276e+06
7.97300741894382e+06
7.97300652715803e+06
7.97300523444926e+06
7.97300620970122e+06
7.97300777314552e+06
7.97300577416105e+06
7.97300754238035e+06
7.97300743663605e+06
7.97300596577891e+06
7.97300758575886e+06
7.97300581321929e+06
7.97300597745664e+06
