7.97300626248340e+06
7.97300643615874e+06
7.97300573315480e+06
7.97300537285411e+06
7.97300547320335e+06
7.97300486644930e+06
7.97300695677164e+06
7.97300617405085e+06
7.97300648867996e+06
7.97300619966253e+06
7.97300761128345e+06
7.97300655595143e+06
7.97300662349815e+06
7.97300606726361e+06
7.97300590028329e+06
7.97300637521588e+06
7.97300724319659e+06
7.97300612962141e+06
7.97300621341107e+06
7.97300559953029e+06
7.97300719824668e+06
7.97300635336812e+06
7.97300610361336e+06
7.97300572379311e+06
7.97300634074902e+06
7.97300802609312e+06
7.97300719222060e+06
7.97300597206144e+06
7.97300737446711e+06
7.97300670053056e+06
7.97300589957779e+06
7.97300644408903e+06
7.97300608639718e+06
7.97300681312416e+06
7.97300674301822e+06
7.97300484403135e+06
7.97300672927023e+06
7.97300610304287e+06
7.97300535563372e+06
7.97300621403393e+06
7.97300544963269e+06
7.97300664033829e+06
7.97300682055661e+06
7.97300564991672e+06
7.97300726258019e+06
7.97300603767135e+06
7.97300594364866e+06
7.97300635185513e+06
7.97300467853825e+06
7.97300612070444e+06
7.97300612999327e+06
7.97300649540305e+06
7.97300709532656e+06
7.97300523604465e+06
7.97300609011900e+06
7.97300528891938e+06
7.97300796075165e+06
7.97300551587545e+06
7.97300555623595e+06
7.97300719109580e+06
7.97300555676880e+06
7.97300610697815e+06
7.97300615725528e+06
7.97300680294675e+06
7.97300677329922e+06
7.97300581188918e+06
7.97300669868725e+06
7.97300679320744e+06
7.97300635338995e+06
7.97300570468246e+06
7.97300662777972e+06
7.97300550529426e+06
7.97300629328118e+06
7.97300548311047e+06
7.97300626852398e+06
7.97300609008024e+06
7.97300718043412e+06
7.97300612228997e+06
7.97300663947717e+06
7.97300617138681e+06
7.97300629645906e+06
7.97300688197857e+06
7.97300683119583e+06
7.97300669458218e+06
7.97300468612988e+06
7.97300663091404e+06
7.97300473064176e+06
7.97300575438165e+06
7.97300654944972e+06
7.97300736805330e+06
7.97300595583504e+06
7.97300693792219e+06
7.97300605603486e+06
7.97300658832592e+06
7.97300491462329e+06
7.97300624450128e+06
7.97300698773996e+06
7.97300635953123e+06
7.97300640533108e+06
7.97300478362448e+06
