7.97300400399140e+06
7.97300339167362e+06
7.97300143984823e+06
7.97300394675588e+06
7.97300553151431e+06
7.97300250935662e+06
7.97300383655503e+06
7.97300334491041e+06
7.97300507088079e+06
7.97300376628079e+06
7.97300282878826e+06
7.97300228874182e+06
7.97300407967137e+06
7.97300167252166e+06
7.97299957195538e+06
7.97300538211139e+06
7.97300118455812e+06
7.97300117039176e+06
7.97300378645655e+06
7.97300188462317e+06
7.97300434481051e+06
7.97300663112918e+06
7.97300131853186e+06
7.97300293770149e+06
7.97300151967227e+06
7.97300224195862e+06
7.97300197036980e+06
7.97300528250541e+06
7.97300191864476e+06
7.97300192719044e+06
7.97300072012459e+06
7.97300149096563e+06
7.97300268605725e+06
7.97300068090163e+06
7.97300113211254e+06
7.97300283199063e+06
7.97300239123048e+06
7.97300291167407e+06
7.97300182401884e+06
7.97299803301114e+06
7.97300431721105e+06
7.97300429702144e+06
7.97300299389525e+06
7.97300195858716e+06
7.97300339632098e+06
7.97300192176892e+06
7.97300091378380e+06
7.97300379602363e+06
7.97300290821985e+06
7.97299993261191e+06
7.97300486297858e+06
7.97300212324604e+06
7.97300217169600e+06
7.97300584435798e+06
7.97300476644626e+06
7.97300425771823e+06
7.97299866341148e+06
7.97300069078311e+06
7.97300224337744e+06
7.97300169551583e+06
7.97300428339972e+06
7.97300235421078e+06
7.97300171635016e+06
7.97300410292720e+06
7.97300620294530e+06
7.97300666956709e+06
7.97300408499902e+06
7.97300191317017e+06
7.97300042189302e+06
7.97300380515621e+06
7.97299821365275e+06
7.97300090156047e+06
7.97300087664463e+06
7.97300432193369e+06
7.97300092725859e+06
7.97300409795330e+06
7.97300304261432e+06
7.97300452602986e+06
7.97300131543308e+06
7.97300472839968e+06
7.97300468640754e+06
7.97300012996327e+06
7.97300087697080e+06
7.97300133868372e+06
7.97300198641294e+06
7.97300353219743e+06
7.97300388654094e+06
7.97299977015825e+06
7.97300477626719e+06
7.97300133874566e+06
7.97300209803050e+06
7.97300292260829e+06
7.97300200797344e+06
7.97300087462602e+06
7.97300239615173e+06
7.97300257977809e+06
7.97300392744327e+06
7.97300497651651e+06
7.97300235599249e+06
7.97300221173971e+06
