7.97300698505769e+06
7.97300686661606e+06
7.97300748876614e+06
7.97300618782443e+06
7.97300669220967e+06
7.97300518742398e+06
7.97300725532279e+06
7.97300734371277e+06
7.97300670522326e+06
7.97300701101847e+06
7.97300590619381e+06
7.97300680419897e+06
7.97300658915691e+06
7.97300643219958e+06
7.97300748731366e+06
7.97300746090035e+06
7.97300566088391e+06
7.97300550630656e+06
7.97300688850167e+06
7.97300674784438e+06
7.97300640072434e+06
7.97300604887318e+06
7.97300588775403e+06
7.97300696993176e+06
7.97300847924337e+06
7.97300722949521e+06
7.97300761958286e+06
7.97300676779016e+06
7.97300611397926e+06
7.97300712316011e+06
7.97300653805763e+06
7.97300686321356e+06
7.97300665092953e+06
7.97300606709248e+06
7.97300765033924e+06
7.97300623071503e+06
7.97300541394407e+06
7.97300733246025e+06
7.97300684659504e+06
7.97300670971240e+06
7.97300652155600e+06
7.97300719758752e+06
7.97300700528311e+06
7.97300689261686e+06
7.97300578215982e+06
7.97300751110368e+06
7.97300624040030e+06
7.97300671900220e+06
7.97300626251046e+06
7.97300699135024e+06
7.97300845113487e+06
7.97300774491213e+06
7.97300805172934e+06
7.97300602688164e+06
7.97300663254640e+06
7.97300652539407e+06
7.97300640625135e+06
7.97300656566539e+06
7.97300648184950e+06
7.97300685890986e+06
7.97300650417920e+06
7.97300627884411e+06
7.97300678155252e+06
7.97300575382457e+06
7.97300662333103e+06
7.97300610520544e+06
7.97300665865391e+06
7.97300675262428e+06
7.97300763875324e+06
7.97300608541600e+06
7.97300605502709e+06
7.97300693962394e+06
7.97300706911754e+06
7.97300634952949e+06
7.97300621255354e+06
7.97300567125319e+06
7.97300748000818e+06
7.97300492248190e+06
7.97300557574694e+06
7.97300749415030e+06
7.97300643628528e+06
7.97300642191893e+06
7.97300569826799e+06
7.97300591547072e+06
7.97300595308376e+06
7.97300551295496e+06
7.97300602587631e+06
7.97300568966462e+06
7.97300728023504e+06
7.97300717544902e+06
7.97300662415753e+06
7.97300608304431e+06
7.97300693552895e+06
7.97300683461829e+06
7.97300578401964e+06
7.97300755362272e+06
7.97300733207540e+06
7.97300664102063e+06
7.97300667431098e+06
7.97300522015906e+06
