7.97300719874212e+06
7.97300421362990e+06
7.97300800915222e+06
7.97300542770038e+06
7.97300644541870e+06
7.97300601815008e+06
7.97300761246175e+06
7.97300463301473e+06
7.97300433333746e+06
7.97300467421744e+06
7.97300801983102e+06
7.97300412766423e+06
7.97300345859765e+06
7.97300345377528e+06
7.97300931118054e+06
7.97300343964289e+06
7.97300526957298e+06
7.97300706590465e+06
7.97300833433923e+06
7.97300527741179e+06
7.97300506343215e+06
7.97300574193969e+06
7.97300617956731e+06
7.97300164365207e+06
7.97300447763725e+06
7.97300519656527e+06
7.97300442516198e+06
7.97300379084293e+06
7.97300598619677e+06
7.97300364217930e+06
7.97300372717614e+06
7.97300514452090e+06
7.97300401525557e+06
7.97300629302289e+06
7.97300531688843e+06
7.97300381650445e+06
7.97300469161754e+06
7.97300682251838e+06
7.97300405886472e+06
7.97300623777999e+06
7.97300657454772e+06
7.97300525518586e+06
7.97300591638380e+06
7.97300435353884e+06
7.97300468912245e+06
7.97300642840889e+06
7.97300236127188e+06
7.97300477367622e+06
7.97300741839547e+06
7.97300483900019e+06
7.97300782819585e+06
7.97300469592046e+06
7.97300636705327e+06
7.97300543326542e+06
7.97300133171629e+06
7.97300411105835e+06
7.97300712101536e+06
7.97300440852605e+06
7.97300274161354e+06
7.97300455011676e+06
7.97300418245465e+06
7.97300585360471e+06
7.97300660414945e+06
7.97300510369816e+06
7.97300466454334e+06
7.97300386181625e+06
7.97300361008848e+06
7.97300265266241e+06
7.97300565655378e+06
7.97300440717525e+06
7.97300420919216e+06
7.97300496493657e+06
7.97300374765558e+06
7.97300598164280e+06
7.97300263892355e+06
7.97300253311833e+06
7.97300537346131e+06
7.97300687241139e+06
7.97300492429514e+06
7.97300629961107e+06
7.97300572063295e+06
7.97300390663511e+06
7.97300592811421e+06
7.97300543015744e+06
7.97300611194360e+06
7.97300313410646e+06
7.97300606763220e+06
7.97300586662784e+06
7.97300506590284e+06
7.97300230235767e+06
7.97300293958157e+06
7.97300543455438e+06
7.97300499027384e+06
7.97300357711942e+06
7.97300385832414e+06
7.97300419240957e+06
7.97300718597479e+06
7.97300436425391e+06
7.97300745301284e+06
7.97300541266898e+06
