7.97300478887117e+06
7.97300603676906e+06
7.97300638963419e+06
7.97300660566130e+06
7.97300613374197e+06
7.97300643442788e+06
7.97300589716432e+06
7.97300433982166e+06
7.97300584138072e+06
7.97300773988103e+06
7.97300560121951e+06
7.97300528222572e+06
7.97300638341099e+06
7.97300831249366e+06
7.97300663059698e+06
7.97300635547974e+06
7.97300698823448e+06
7.97300687592721e+06
7.97300569209979e+06
7.97300471675943e+06
7.97300681570103e+06
7.97300541839285e+06
7.97300762853618e+06
7.97300650838799e+06
7.97300642234406e+06
7.97300547637415e+06
7.97300632006670e+06
7.97300519742321e+06
7.97300497496862e+06
7.97300759276432e+06
7.97300576785057e+06
7.97300692128763e+06
7.97300467710389e+06
7.97300536380696e+06
7.97300672235334e+06
7.97300556866379e+06
7.97300506892057e+06
7.97300687073503e+06
7.97300644026886e+06
7.97300556646810e+06
7.97300754136586e+06
7.97300701907250e+06
7.97300671390954e+06
7.97300587226277e+06
7.97300654064379e+06
7.97300660216956e+06
7.97300692654087e+06
7.97300715268789e+06
7.97300784465513e+06
7.97300734305710e+06
7.97300615435225e+06
7.97300581476221e+06
7.97300632964811e+06
7.97300831291292e+06
7.97300708160254e+06
7.97300792108279e+06
7.97300809485556e+06
7.97300426898739e+06
7.97300511060120e+06
7.97300638625911e+06
7.97300648830168e+06
7.97300698737801e+06
7.97300709807109e+06
7.97300758885154e+06
7.97300720975229e+06
7.97300494666656e+06
7.97300618102197e+06
7.97300526863350e+06
7.97300498070402e+06
7.97300834289996e+06
7.97300508205900e+06
7.97300681009962e+06
7.97300617286647e+06
7.97300698852251e+06
7.97300546491639e+06
7.97300685717049e+06
7.97300649810199e+06
7.97300544998745e+06
7.97300619962724e+06
7.97300802313067e+06
7.97300578912913e+06
7.97300723263695e+06
7.97300635840092e+06
7.97300644931016e+06
7.97300645952738e+06
7.97300635237174e+06
7.97300682751042e+06
7.97300468452035e+06
7.97300592619431e+06
7.97300683004693e+06
7.97300655363319e+06
7.97300638079141e+06
7.97300701890512e+06
7.97300563622592e+06
7.97300450393351e+06
7.97300600534943e+06
7.97300498769828e+06
7.97300544649250e+06
7.97300680629509e+06
7.97300740067876e+06
