7.97300696911654e+06
7.97300457994022e+06
7.97300346571132e+06
7.97300447816098e+06
7.97300442154140e+06
7.97300409884498e+06
7.97300607446000e+06
7.97300613907431e+06
7.97300717629845e+06
7.97300472784894e+06
7.97300489753215e+06
7.97300532919704e+06
7.97300559227224e+06
7.97300304125137e+06
7.97300703292602e+06
7.97300370278278e+06
7.97300550083905e+06
7.97300362865835e+06
7.97300339468176e+06
7.97300365211331e+06
7.97300347972436e+06
7.97300432169348e+06
7.97300062433918e+06
7.97300459233578e+06
7.97300472454674e+06
7.97300551740205e+06
7.97300435911380e+06
7.97300690711292e+06
7.97300449553715e+06
7.97300514563640e+06
7.97300587004305e+06
7.97300572703599e+06
7.97300535651408e+06
7.97300430644916e+06
7.97300740925453e+06
7.97300439933045e+06
7.97300528569712e+06
7.97300661523677e+06
7.97300591858799e+06
7.97300585227113e+06
7.97300453128554e+06
7.97300520150000e+06
7.97300616945286e+06
7.97300547049577e+06
7.97300651859739e+06
7.97300500856763e+06
7.97300422918988e+06
7.97300556779011e+06
7.97300517859664e+06
7.97300501470462e+06
7.97300318921558e+06
7.97300326868564e+06
7.97300784786813e+06
7.97300271875741e+06
7.97300575317761e+06
7.97300552818641e+06
7.97300608046501e+06
7.97300063348882e+06
7.97300349842573e+06
7.97300471598454e+06
7.97300515401930e+06
7.97300492587538e+06
7.97300255192865e+06
7.97300638866747e+06
7.97300565063931e+06
7.97300383537301e+06
7.97300508396207e+06
7.97300232951805e+06
7.97300335121499e+06
7.97300427527409e+06
7.97300455489010e+06
7.97300498645777e+06
7.97300369519274e+06
7.97300606381873e+06
7.97300547966556e+06
7.97300422390071e+06
7.97300592696882e+06
7.97300573484664e+06
7.97300549759605e+06
7.97300634495816e+06
7.97300387472406e+06
7.97300487054501e+06
7.97300486862330e+06
7.97300364812762e+06
7.97300368366141e+06
7.97300735227787e+06
7.97300429374558e+06
7.97300448158243e+06
7.97300588303145e+06
7.97300471330240e+06
7.97300385934613e+06
7.97300359561820e+06
7.97300277872317e+06
7.97300651381798e+06
7.97300579388184e+06
7.97300465371252e+06
7.97300503030565e+06
7.97300198526146e+06
7.97300342475335e+06
7.97300575430877e+06
