7.97303394969193e+06
7.97303509547224e+06
7.97303583109986e+06
7.97303496973210e+06
7.97303627573645e+06
7.97303440637454e+06
7.97303324937178e+06
7.97303515208171e+06
7.97303544974359e+06
7.97303647392519e+06
7.97303432414618e+06
7.97303448831418e+06
7.97303390371624e+06
7.97303529317478e+06
7.97303490172515e+06
7.97303616454917e+06
7.97303483722228e+06
7.97303364507389e+06
7.97303532419112e+06
7.97303492723890e+06
7.97303612514694e+06
7.97303553435791e+06
7.97303390282720e+06
7.97303567182839e+06
7.97303530485349e+06
7.97303548719593e+06
7.97303450321711e+06
7.97303635771310e+06
7.97303407860082e+06
7.97303523959697e+06
7.97303474076506e+06
7.97303453904035e+06
7.97303391441401e+06
7.97303621365792e+06
7.97303434470518e+06
7.97303423756317e+06
7.97303425746143e+06
7.97303404798420e+06
7.97303499935798e+06
7.97303566284977e+06
7.97303422888624e+06
7.97303583154226e+06
7.97303490441079e+06
7.97303515178355e+06
7.97303460479503e+06
7.97303431788678e+06
7.97303462209290e+06
7.97303402554626e+06
7.97303423654886e+06
7.97303514551324e+06
7.97303565137967e+06
7.97303529825946e+06
7.97303413798729e+06
7.97303466449668e+06
7.97303480974200e+06
7.97303374210427e+06
7.97303444010005e+06
7.97303667273055e+06
7.97303415448950e+06
7.97303453467871e+06
7.97303479702032e+06
7.97303572894026e+06
7.97303527035593e+06
7.97303535046759e+06
7.97303532717442e+06
7.97303578954735e+06
7.97303423199712e+06
7.97303486341649e+06
7.97303646360369e+06
7.97303634548979e+06
7.97303493985349e+06
7.97303484955873e+06
7.97303499248504e+06
7.97303381729602e+06
7.97303619726295e+06
7.97303765429465e+06
7.97303356577371e+06
7.97303492192757e+06
7.97303401974046e+06
7.97303480809092e+06
7.97303505516850e+06
7.97303544939225e+06
7.97303455923405e+06
7.97303525117735e+06
7.97303531351426e+06
7.97303642029983e+06
7.97303419125795e+06
7.97303343847439e+06
7.97303352842182e+06
7.97303514768288e+06
7.97303620784203e+06
7.97303432435137e+06
7.97303417025555e+06
7.97303540267167e+06
7.97303448682630e+06
7.97303607420970e+06
7.97303407293360e+06
7.97303569602250e+06
7.97303384690600e+06
7.97303394417433e+06
