7.97303137013730e+06
7.97303427240196e+06
7.97303052082108e+06
7.97303268604183e+06
7.97303113878060e+06
7.97303110980415e+06
7.97303312325232e+06
7.97303330415094e+06
7.97303327750452e+06
7.97303283995184e+06
7.97303125688918e+06
7.97303060393822e+06
7.97303064516377e+06
7.97302949640076e+06
7.97303358347367e+06
7.97303143327770e+06
7.97303176660073e+06
7.97303076340034e+06
7.97303021875247e+06
7.97303318091607e+06
7.97303309976953e+06
7.97303243525563e+06
7.97303253742139e+06
7.97303235030331e+06
7.97302963703392e+06
7.97303096798227e+06
7.97303131635406e+06
7.97303189718374e+06
7.97303315229187e+06
7.97303102762079e+06
7.97303107380891e+06
7.97303176607620e+06
7.97303268714084e+06
7.97303275823600e+06
7.97303176915947e+06
7.97303240868624e+06
7.97303185867743e+06
7.97303040042169e+06
7.97303416003380e+06
7.97303074407534e+06
7.97303143961743e+06
7.97302940080416e+06
7.97303244658336e+06
7.97302958875624e+06
7.97302995071900e+06
7.97303259357609e+06
7.97303026757104e+06
7.97303062855294e+06
7.97302995015256e+06
7.97303318989067e+06
7.97303299666954e+06
7.97303175474442e+06
7.97303179958075e+06
7.97302990106589e+06
7.97303013054988e+06
7.97303069093758e+06
7.97303366004812e+06
7.97303224893910e+06
7.97303300488808e+06
7.97303122730783e+06
7.97303171787076e+06
7.97303130669073e+06
7.97303132677309e+06
7.97303414191792e+06
7.97303381433281e+06
7.97303422840604e+06
7.97303322187017e+06
7.97303002990351e+06
7.97303114641019e+06
7.97303176818188e+06
7.97303294525289e+06
7.97303090261033e+06
7.97303266378465e+06
7.97303257575798e+06
7.97303196363722e+06
7.97303258919387e+06
7.97303413967878e+06
7.97302991224872e+06
7.97303481520306e+06
7.97303402842022e+06
7.97303096518783e+06
7.97303170880455e+06
7.97303207465847e+06
7.97303173947321e+06
7.97303390059799e+06
7.97303247609552e+06
7.97303318962177e+06
7.97303182063277e+06
7.97303081390689e+06
7.97303182144479e+06
7.97303221127435e+06
7.97303318623973e+06
7.97303362029960e+06
7.97303106861825e+06
7.97303201738106e+06
7.97303212225876e+06
7.97303294569662e+06
7.97303062157062e+06
7.97303231556945e+06
7.97303091976359e+06
