7.97303343613783e+06
7.97303535598343e+06
7.97302939105787e+06
7.97303008238266e+06
7.97303080443768e+06
7.97303613598746e+06
7.97303085052446e+06
7.97303450130980e+06
7.97303235651225e+06
7.97302927899314e+06
7.97303193765424e+06
7.97303223243690e+06
7.97303160494149e+06
7.97303053213036e+06
7.97303231917945e+06
7.97303109612106e+06
7.97303356895498e+06
7.97303259885047e+06
7.97303307074363e+06
7.97302913337513e+06
7.97303024971906e+06
7.97303249639563e+06
7.97302862378334e+06
7.97303096712208e+06
7.97303179338027e+06
7.97303200910340e+06
7.97302987769421e+06
7.97302940242059e+06
7.97303077429984e+06
7.97303039389595e+06
7.97303666519370e+06
7.97303078143259e+06
7.97303293662642e+06
7.97303118649857e+06
7.97303541388653e+06
7.97302741065898e+06
7.97303146138909e+06
7.97303137683633e+06
7.97303463901862e+06
7.97303190294365e+06
7.97303827588357e+06
7.97303121083421e+06
7.97303042896517e+06
7.97303354448091e+06
7.97303217258422e+06
7.97303440154044e+06
7.97302808609016e+06
7.97303090221632e+06
7.97303378026380e+06
7.97303152824367e+06
7.97302965579412e+06
7.97303103867112e+06
7.97303444062489e+06
7.97302984604502e+06
7.97303333835728e+06
7.97303155045431e+06
7.97303089322027e+06
7.97303340464093e+06
7.97303488372622e+06
7.97303074805746e+06
7.97303068858498e+06
7.97303468786342e+06
7.97303006733423e+06
7.97303074911459e+06
7.97303080576158e+06
7.97302933339275e+06
7.97303096484715e+06
7.97303113083939e+06
7.97303033332357e+06
7.97303219924807e+06
7.97303309994055e+06
7.97302915713584e+06
7.97302956932211e+06
7.97303147528464e+06
7.97303181081449e+06
7.97303144690897e+06
7.97303012774904e+06
7.97302863935222e+06
7.97302941232496e+06
7.97303026577634e+06
7.97303028684046e+06
7.97303247590413e+06
7.97303136594425e+06
7.97303032675158e+06
7.97303040845077e+06
7.97303473349739e+06
7.97303155663905e+06
7.97303352944061e+06
7.97303537507056e+06
7.97302773605892e+06
7.97303217308638e+06
7.97303433874748e+06
7.97303176497501e+06
7.97303230178905e+06
7.97302965473611e+06
7.97302699328817e+06
7.97303359741879e+06
7.97303219006255e+06
7.97302672293257e+06
7.97302948717870e+06
