7.97303429250008e+06
7.97302983416548e+06
7.97303181471084e+06
7.97303081072636e+06
7.97303276418612e+06
7.97303203033169e+06
7.97303208265658e+06
7.97303250031684e+06
7.97303046748310e+06
7.97303049946436e+06
7.97303242211170e+06
7.97303363700970e+06
7.97303017654262e+06
7.97303384192741e+06
7.97303334323443e+06
7.97303488961905e+06
7.97303219548389e+06
7.97303312984802e+06
7.97303144427223e+06
7.97303225283233e+06
7.97303099901512e+06
7.97303249187672e+06
7.97303417204003e+06
7.97303144854336e+06
7.97303235478030e+06
7.97303451673675e+06
7.97303215461312e+06
7.97303040990889e+06
7.97302849191398e+06
7.97303304570481e+06
7.97303044283830e+06
7.97302992446368e+06
7.97303092957588e+06
7.97303070193908e+06
7.97302924040779e+06
7.97303234570170e+06
7.97303342331279e+06
7.97303413921538e+06
7.97303354846742e+06
7.97303131498465e+06
7.97303236729485e+06
7.97303253657640e+06
7.97303348583540e+06
7.97303292152472e+06
7.97303362718761e+06
7.97303310547021e+06
7.97303426191846e+06
7.97303185035686e+06
7.97303481349296e+06
7.97303154854587e+06
7.97303174142499e+06
7.97303112024553e+06
7.97303454853590e+06
7.97303365280443e+06
7.97302983892967e+06
7.97303280479273e+06
7.97303185276159e+06
7.97303079617721e+06
7.97303181685613e+06
7.97303117923629e+06
7.97303278545120e+06
7.97303254420938e+06
7.97303150959180e+06
7.97303268823134e+06
7.97303351999889e+06
7.97303044693310e+06
7.97303404009405e+06
7.97303139200338e+06
7.97303013947132e+06
7.97303263573819e+06
7.97303478626132e+06
7.97302944211046e+06
7.97303531416013e+06
7.97303344376596e+06
7.97303346306700e+06
7.97303150824558e+06
7.97303153595056e+06
7.97303063988559e+06
7.97302962439657e+06
7.97303056829420e+06
7.97303327154940e+06
7.97303274583374e+06
7.97303050355577e+06
7.97303364104688e+06
7.97303352904305e+06
7.97303164358202e+06
7.97303410724734e+06
7.97303085150798e+06
7.97303222148510e+06
7.97303320736319e+06
7.97303127657084e+06
7.97302926335750e+06
7.97303496318575e+06
7.97303307578085e+06
7.97303282744387e+06
7.97303259939801e+06
7.97303170176808e+06
7.97303353468728e+06
7.97303024655315e+06
7.97303011626479e+06
