7.97302777771654e+06
7.97302558052016e+06
7.97302630993871e+06
7.97302622427876e+06
7.97302646202573e+06
7.97303332211839e+06
7.97302827437771e+06
7.97302658222734e+06
7.97303169699127e+06
7.97302432037372e+06
7.97302752209949e+06
7.97302530178447e+06
7.97302845962266e+06
7.97303111225762e+06
7.97302797199914e+06
7.97302668054618e+06
7.97303399372715e+06
7.97302603227641e+06
7.97302899149429e+06
7.97302717085740e+06
7.97302502730042e+06
7.97303161464975e+06
7.97302953956753e+06
7.97302748350952e+06
7.97303029131272e+06
7.97303047924236e+06
7.97302278896943e+06
7.97302596334211e+06
7.97302622485135e+06
7.97302910349599e+06
7.97302493504709e+06
7.97302763899560e+06
7.97302803123006e+06
7.97304131793629e+06
7.97302953104270e+06
7.97302885140374e+06
7.97302615864383e+06
7.97302608867137e+06
7.97303272875598e+06
7.97303077894348e+06
7.97302489384928e+06
7.97302569948330e+06
7.97302616311692e+06
7.97302869975556e+06
7.97303019368479e+06
7.97302271179529e+06
7.97302699283239e+06
7.97302613849168e+06
7.97302767480430e+06
7.97303268253807e+06
7.97302021232362e+06
7.97302521024780e+06
7.97302433225640e+06
7.97302869975209e+06
7.97302339429764e+06
7.97302672286688e+06
7.97302650853249e+06
7.97303324915932e+06
7.97303500450106e+06
7.97303040564833e+06
7.97303227089103e+06
7.97302769068994e+06
7.97303320042302e+06
7.97303091492940e+06
7.97302621914092e+06
7.97302632480395e+06
7.97303039349691e+06
7.97302839288656e+06
7.97302286138957e+06
7.97303357695884e+06
7.97302224291655e+06
7.97302807852523e+06
7.97302547260303e+06
7.97303092713423e+06
7.97302420782845e+06
7.97302930244216e+06
7.97302677610080e+06
7.97303069055024e+06
7.97303004817618e+06
7.97303228522893e+06
7.97302333559228e+06
7.97302733308691e+06
7.97302746207218e+06
7.97303508663871e+06
7.97302873111769e+06
7.97302527888947e+06
7.97303078305649e+06
7.97303676932679e+06
7.97302846760597e+06
7.97302658951438e+06
7.97302249902909e+06
7.97302636653066e+06
7.97302733347657e+06
7.97302716966303e+06
7.97303139040198e+06
7.97303306636538e+06
7.97302753407602e+06
7.97301748473546e+06
7.97303244765691e+06
7.97302376051388e+06
