7.97303327940826e+06
7.97302547338412e+06
7.97303093349406e+06
7.97302881609191e+06
7.97303169197124e+06
7.97303117262450e+06
7.97303413034299e+06
7.97302874967379e+06
7.97303459771345e+06
7.97302938512619e+06
7.97302475383121e+06
7.97302821162362e+06
7.97303349276411e+06
7.97303212466392e+06
7.97303664632683e+06
7.97303222042865e+06
7.97303651885362e+06
7.97303175772171e+06
0.00000000000000e+00
0.00000000000000e+00
0.00000000000000e+00
0.00000000000000e+00
0.00000000000000e+00
0.00000000000000e+00
0.00000000000000e+00
0.00000000000000e+00
0.00000000000000e+00
0.00000000000000e+00
0.00000000000000e+00
0.00000000000000e+00
0.00000000000000e+00
0.00000000000000e+00
0.00000000000000e+00
0.00000000000000e+00
0.00000000000000e+00
0.00000000000000e+00
0.00000000000000e+00
0.00000000000000e+00
0.00000000000000e+00
0.00000000000000e+00
0.00000000000000e+00
0.00000000000000e+00
0.00000000000000e+00
0.00000000000000e+00
0.00000000000000e+00
0.00000000000000e+00
0.00000000000000e+00
0.00000000000000e+00
0.00000000000000e+00
0.00000000000000e+00
0.00000000000000e+00
0.00000000000000e+00
0.00000000000000e+00
0.00000000000000e+00
0.00000000000000e+00
0.00000000000000e+00
0.00000000000000e+00
0.00000000000000e+00
0.00000000000000e+00
0.00000000000000e+00
0.00000000000000e+00
0.00000000000000e+00
0.00000000000000e+00
0.00000000000000e+00
0.00000000000000e+00
0.00000000000000e+00
0.00000000000000e+00
0.00000000000000e+00
0.00000000000000e+00
0.00000000000000e+00
0.00000000000000e+00
0.00000000000000e+00
0.00000000000000e+00
0.00000000000000e+00
0.00000000000000e+00
0.00000000000000e+00
0.00000000000000e+00
0.00000000000000e+00
0.00000000000000e+00
0.00000000000000e+00
0.00000000000000e+00
0.00000000000000e+00
0.00000000000000e+00
0.00000000000000e+00
0.00000000000000e+00
0.00000000000000e+00
0.00000000000000e+00
0.00000000000000e+00
0.00000000000000e+00
0.00000000000000e+00
0.00000000000000e+00
0.00000000000000e+00
0.00000000000000e+00
0.00000000000000e+00
0.00000000000000e+00
0.00000000000000e+00
0.00000000000000e+00
0.00000000000000e+00
0.00000000000000e+00
0.00000000000000e+00
