7.97303562475379e+06
7.97303739079596e+06
7.97303680789460e+06
7.97303854288194e+06
7.97303724492750e+06
7.97303840487193e+06
7.97303427761646e+06
7.97303704699647e+06
7.97303676126124e+06
7.97303764429083e+06
7.97303603241194e+06
7.97303841080419e+06
7.97303837036426e+06
7.97303529976171e+06
7.97303875867029e+06
7.97303847446743e+06
7.97303727051591e+06
7.97303906636863e+06
7.97303850467192e+06
7.97303606683658e+06
7.97303689240419e+06
7.97303687951695e+06
7.97303780144931e+06
7.97303905119349e+06
7.97303695656350e+06
7.97303663504816e+06
7.97303746026201e+06
7.97303816362497e+06
7.97303435319448e+06
7.97303820702399e+06
7.97303516897831e+06
7.97303826839313e+06
7.97303811304488e+06
7.97303571796072e+06
7.97303739916472e+06
7.97303776219386e+06
7.97303690616654e+06
7.97303841676177e+06
7.97303629556339e+06
0.00000000000000e+00
0.00000000000000e+00
0.00000000000000e+00
0.00000000000000e+00
0.00000000000000e+00
0.00000000000000e+00
0.00000000000000e+00
0.00000000000000e+00
0.00000000000000e+00
0.00000000000000e+00
0.00000000000000e+00
0.00000000000000e+00
0.00000000000000e+00
0.00000000000000e+00
0.00000000000000e+00
0.00000000000000e+00
0.00000000000000e+00
0.00000000000000e+00
0.00000000000000e+00
0.00000000000000e+00
0.00000000000000e+00
0.00000000000000e+00
0.00000000000000e+00
0.00000000000000e+00
0.00000000000000e+00
0.00000000000000e+00
0.00000000000000e+00
0.00000000000000e+00
0.00000000000000e+00
0.00000000000000e+00
0.00000000000000e+00
0.00000000000000e+00
0.00000000000000e+00
0.00000000000000e+00
0.00000000000000e+00
0.00000000000000e+00
0.00000000000000e+00
0.00000000000000e+00
0.00000000000000e+00
0.00000000000000e+00
0.00000000000000e+00
0.00000000000000e+00
0.00000000000000e+00
0.00000000000000e+00
0.00000000000000e+00
0.00000000000000e+00
0.00000000000000e+00
0.00000000000000e+00
0.00000000000000e+00
0.00000000000000e+00
0.00000000000000e+00
0.00000000000000e+00
0.00000000000000e+00
0.00000000000000e+00
0.00000000000000e+00
0.00000000000000e+00
0.00000000000000e+00
0.00000000000000e+00
0.00000000000000e+00
0.00000000000000e+00
0.00000000000000e+00
