7.97303844873619e+06
7.97303713642269e+06
7.97303831582659e+06
7.97303778842505e+06
7.97303350766653e+06
7.97303903106098e+06
7.97303722626393e+06
7.97303661430593e+06
7.97303772925160e+06
7.97303706496256e+06
7.97303692706211e+06
7.97303574298235e+06
7.97303733590717e+06
7.97303740491686e+06
7.97303778360393e+06
7.97303640042651e+06
7.97303796183343e+06
7.97303816587993e+06
7.97303728892953e+06
7.97303584698631e+06
7.97303748313039e+06
7.97303711598643e+06
7.97303771674921e+06
7.97303788198636e+06
7.97303707334116e+06
7.97303539072913e+06
7.97303649398072e+06
7.97303771238668e+06
7.97303645819752e+06
7.97303628436771e+06
7.97303597847765e+06
7.97303657939455e+06
7.97303612352688e+06
7.97303716116135e+06
7.97303742326635e+06
7.97303622741069e+06
7.97303732323133e+06
7.97303728280394e+06
7.97303761391010e+06
7.97303760257482e+06
7.97303522921519e+06
7.97303526632206e+06
7.97303718156146e+06
7.97303687472195e+06
7.97303715507586e+06
7.97303808568617e+06
7.97303705600554e+06
7.97303607415915e+06
7.97303695951144e+06
7.97303589939658e+06
7.97303595879107e+06
7.97303485814882e+06
7.97303714524729e+06
7.97303833865698e+06
7.97303656280106e+06
7.97303801113248e+06
0.00000000000000e+00
0.00000000000000e+00
0.00000000000000e+00
0.00000000000000e+00
0.00000000000000e+00
0.00000000000000e+00
0.00000000000000e+00
0.00000000000000e+00
0.00000000000000e+00
0.00000000000000e+00
0.00000000000000e+00
0.00000000000000e+00
0.00000000000000e+00
0.00000000000000e+00
0.00000000000000e+00
0.00000000000000e+00
0.00000000000000e+00
0.00000000000000e+00
0.00000000000000e+00
0.00000000000000e+00
0.00000000000000e+00
0.00000000000000e+00
0.00000000000000e+00
0.00000000000000e+00
0.00000000000000e+00
0.00000000000000e+00
0.00000000000000e+00
0.00000000000000e+00
0.00000000000000e+00
0.00000000000000e+00
0.00000000000000e+00
0.00000000000000e+00
0.00000000000000e+00
0.00000000000000e+00
0.00000000000000e+00
0.00000000000000e+00
0.00000000000000e+00
0.00000000000000e+00
0.00000000000000e+00
0.00000000000000e+00
0.00000000000000e+00
0.00000000000000e+00
0.00000000000000e+00
0.00000000000000e+00
