7.97303952024996e+06
7.97303984879524e+06
7.97304087855279e+06
7.97304057770133e+06
7.97303969627312e+06
7.97303965825871e+06
7.97303986518735e+06
7.97304098107460e+06
7.97303959107300e+06
7.97303969945335e+06
7.97304064316518e+06
7.97304096075120e+06
7.97303917693338e+06
7.97304014853513e+06
7.97304039139787e+06
7.97304192648705e+06
7.97304057401081e+06
7.97304008157674e+06
7.97304040252145e+06
7.97304059886318e+06
7.97304033826194e+06
7.97303769342134e+06
7.97303910164786e+06
7.97304099964642e+06
7.97304051045891e+06
7.97304060895057e+06
7.97304038727460e+06
7.97303846823832e+06
7.97303914661495e+06
7.97304096619210e+06
7.97304122511130e+06
7.97303960882801e+06
7.97304049739875e+06
7.97303987898985e+06
7.97304040738092e+06
7.97303818271898e+06
7.97304207670425e+06
7.97304111563998e+06
7.97304040584873e+06
7.97304116931405e+06
7.97303963319726e+06
7.97303932079507e+06
7.97304050071046e+06
7.97304185941977e+06
7.97304126984090e+06
7.97303935766821e+06
7.97304055199914e+06
7.97304211391810e+06
7.97303903250870e+06
7.97304013124204e+06
7.97303855303863e+06
7.97304067820540e+06
7.97303945428920e+06
7.97304097689179e+06
7.97304065067930e+06
7.97304008468964e+06
7.97304059676087e+06
7.97303808706135e+06
7.97304039209564e+06
7.97304005605225e+06
7.97304050604654e+06
7.97303988646484e+06
7.97303973035438e+06
7.97304039860084e+06
7.97304086821002e+06
7.97303834170990e+06
7.97304038625444e+06
7.97303964434077e+06
7.97303950271667e+06
7.97303994421689e+06
7.97303972854051e+06
7.97304118963629e+06
7.97303838054824e+06
7.97303912897086e+06
7.97303920827360e+06
7.97303953362733e+06
7.97304058654512e+06
7.97303951385103e+06
7.97303977721489e+06
7.97304025193423e+06
7.97303891487420e+06
7.97303811170305e+06
7.97304134502809e+06
7.97304000477721e+06
7.97303985770531e+06
7.97303990178114e+06
7.97303900389597e+06
7.97304170875150e+06
7.97303851583641e+06
7.97304033015126e+06
7.97303970947729e+06
7.97303982074666e+06
7.97303941215450e+06
7.97303909417053e+06
7.97303959410938e+06
7.97303959430447e+06
7.97304034449867e+06
7.97303800662641e+06
7.97303981855782e+06
7.97304067871672e+06
7.97304044815573e+06
7.97304143325594e+06
7.97303875012673e+06
7.97303932046435e+06
7.97304037694719e+06
7.97304102412715e+06
7.97304029905299e+06
7.97304052581362e+06
7.97304023923847e+06