7.97300303712896e+06
7.97300189019716e+06
7.97300281799661e+06
7.97300213970644e+06
7.97300192571681e+06
7.97300311404899e+06
7.97300445162893e+06
7.97300112210363e+06
7.97300211663610e+06
7.97300354469326e+06
7.97300139540203e+06
7.97300257100493e+06
7.97300133737035e+06
7.97300147483698e+06
7.97300182177440e+06
7.97300274081872e+06
7.97300204652266e+06
7.97300335790891e+06
7.97300318454605e+06
7.97300284352446e+06
7.97300340237279e+06
7.97300345374689e+06
7.97300495239208e+06
7.97300292646903e+06
7.97300372202011e+06
7.97300189717004e+06
7.97300520214322e+06
7.97300260050391e+06
7.97300131912366e+06
7.97300385457176e+06
7.97300240795970e+06
7.97300230150813e+06
7.97300403031533e+06
7.97300277907728e+06
7.97300383409465e+06
7.97300260807606e+06
7.97300104088739e+06
7.97300132839166e+06
7.97300491891792e+06
7.97300264379846e+06
7.97300423147776e+06
7.97300160688456e+06
7.97300036947369e+06
7.97300357753118e+06
7.97300284207799e+06
7.97300107756547e+06
7.97300392339220e+06
7.97300188172784e+06
7.97300321576162e+06
7.97300460240403e+06
7.97300263071370e+06
7.97300250141404e+06
7.97300344933242e+06
7.97300409378362e+06
7.97300314428677e+06
7.97300226821214e+06
7.97300414116810e+06
7.97300140102075e+06
7.97300309222813e+06
7.97300158659249e+06
7.97300407474225e+06
7.97300264690662e+06
7.97300286483058e+06
7.97300118708156e+06
7.97300172004805e+06
7.97300326242900e+06
7.97300341486610e+06
7.97300242406569e+06
7.97300271208505e+06
7.97300399081804e+06
7.97300254737654e+06
7.97300539650102e+06
7.97300410645756e+06
7.97300163926712e+06
7.97300400902201e+06
7.97300243393135e+06
7.97300222845506e+06
7.97300273177621e+06
7.97300371648383e+06
7.97300245440787e+06
7.97300159007381e+06
7.97300317770512e+06
7.97300184445038e+06
7.97300486156419e+06
7.97300305566064e+06
7.97300411268461e+06
7.97300241442326e+06
7.97300195927598e+06
7.97300213758301e+06
7.97300360335593e+06
7.97300272305973e+06
7.97300204095867e+06
7.97300078823972e+06
7.97300235698324e+06
7.97300202380701e+06
7.97300455325274e+06
7.97300271482145e+06
7.97300268648817e+06
7.97300246682279e+06
7.97300442388204e+06
