7.97300090506965e+06
7.97300559389385e+06
7.97300292758363e+06
7.97300337703093e+06
7.97300227770765e+06
7.97300471744367e+06
7.97300301173942e+06
7.97300359324577e+06
7.97300077664242e+06
7.97300313267733e+06
7.97300403479320e+06
7.97300089968343e+06
7.97300259529365e+06
7.97300261458496e+06
7.97300223106125e+06
7.97299962156339e+06
7.97299762867946e+06
7.97299965210436e+06
7.97300246096859e+06
7.97300666645026e+06
7.97300107757889e+06
7.97300213476799e+06
7.97300138010476e+06
7.97300490509247e+06
7.97300816583267e+06
7.97300303501947e+06
7.97300340184136e+06
7.97300520430225e+06
7.97300383897936e+06
7.97300206111308e+06
7.97300101197990e+06
7.97300094369562e+06
7.97300306410562e+06
7.97300312928906e+06
7.97300301049327e+06
7.97300456926821e+06
7.97299945959268e+06
7.97300146353661e+06
7.97300128135134e+06
7.97300486939235e+06
7.97300199397629e+06
7.97300147058273e+06
7.97300296315885e+06
7.97300395497701e+06
7.97300119714547e+06
7.97300298397574e+06
7.97300219471031e+06
7.97300472108998e+06
7.97300082272718e+06
7.97300364261071e+06
7.97300303363978e+06
7.97300233882016e+06
7.97300004273039e+06
7.97300477069098e+06
7.97300164911542e+06
7.97300471459961e+06
7.97300248246271e+06
7.97300345316979e+06
7.97300191923147e+06
7.97300373997078e+06
7.97300392944610e+06
7.97300243275641e+06
7.97300282537755e+06
7.97300257426582e+06
7.97300364916121e+06
7.97300195611716e+06
7.97300040334688e+06
7.97300198494128e+06
7.97299998263464e+06
7.97300258790155e+06
7.97300212365943e+06
7.97300144410203e+06
7.97299990018356e+06
7.97300341240599e+06
7.97300454719204e+06
7.97300294359072e+06
7.97300286918795e+06
7.97300523552247e+06
7.97300352132719e+06
7.97300588878719e+06
7.97300567297647e+06
7.97300360163175e+06
7.97300336048599e+06
7.97300206484610e+06
7.97300310230222e+06
7.97300381224347e+06
7.97300425232593e+06
7.97300218663832e+06
7.97300200816673e+06
7.97300400581642e+06
7.97300448602277e+06
7.97300365008360e+06
7.97300327383964e+06
7.97300355526567e+06
7.97300612219422e+06
7.97300258468668e+06
7.97300159902474e+06
7.97300252641914e+06
7.97300160759918e+06
7.97300138582678e+06
