7.97300342264726e+06
7.97300251550389e+06
7.97300079057889e+06
7.97300318405764e+06
7.97300307273288e+06
7.97299984406415e+06
7.97300287322341e+06
7.97300193699887e+06
7.97300423721766e+06
7.97299488952172e+06
7.97300293994484e+06
7.97300507393759e+06
7.97300100244373e+06
7.97300130998697e+06
7.97300037555531e+06
7.97300047998704e+06
7.97300173694413e+06
7.97300251822925e+06
7.97299736840281e+06
7.97300057277981e+06
7.97300003020414e+06
7.97300295064415e+06
7.97300082689406e+06
7.97300114906342e+06
7.97300139513622e+06
7.97299774511834e+06
7.97300281230484e+06
7.97300085477625e+06
7.97300061165330e+06
7.97300091683731e+06
7.97300010985578e+06
7.97300231452844e+06
7.97300593011616e+06
7.97300375971811e+06
7.97300321570151e+06
7.97299691415031e+06
7.97300812041660e+06
7.97300295005249e+06
7.97300461020442e+06
7.97299720161363e+06
7.97300830639116e+06
7.97300214891090e+06
7.97299915796411e+06
7.97299950285545e+06
7.97300105964304e+06
7.97300405656109e+06
7.97300263419551e+06
7.97300474283409e+06
7.97300076775366e+06
7.97300765023807e+06
7.97299717327537e+06
7.97300264917850e+06
7.97300337592249e+06
7.97300103422949e+06
7.97300594897791e+06
7.97299894031577e+06
7.97300582929845e+06
7.97300250607198e+06
7.97299868606198e+06
7.97300568429081e+06
7.97300198316673e+06
7.97299756410675e+06
7.97300330014697e+06
7.97299917993462e+06
7.97300206759376e+06
7.97300418275516e+06
7.97300292755170e+06
7.97300527099848e+06
7.97300877635600e+06
7.97300307613033e+06
7.97300237128916e+06
7.97299980650081e+06
7.97300340780698e+06
7.97299947125010e+06
7.97300282278215e+06
7.97300287414899e+06
7.97300395623681e+06
7.97300353038897e+06
7.97300245238687e+06
7.97300070262980e+06
7.97299948985125e+06
7.97300091520369e+06
7.97300043613735e+06
7.97300555828781e+06
7.97300299911140e+06
7.97300206974168e+06
7.97299877556875e+06
7.97300397427262e+06
7.97300236528829e+06
7.97300023310582e+06
7.97300212785865e+06
7.97299922870648e+06
7.97299973000521e+06
7.97300549277147e+06
7.97300473509991e+06
7.97300881975944e+06
7.97300280211836e+06
7.97299880159155e+06
7.97300305630927e+06
7.97299886586162e+06
