7.97298914971178e+06
7.97299124964487e+06
7.97299998270251e+06
7.97299846058169e+06
7.97299368509173e+06
7.97299499939743e+06
7.97299505990444e+06
7.97300229641115e+06
7.97299382923308e+06
7.97300313246685e+06
7.97299512602557e+06
7.97299410115903e+06
7.97299761084404e+06
7.97299628628804e+06
7.97300099623923e+06
7.97299964998524e+06
7.97299496780259e+06
7.97299158190281e+06
7.97299820399685e+06
7.97298346918636e+06
7.97299587502567e+06
7.97298619827724e+06
7.97299583492241e+06
7.97300019917551e+06
7.97299370990979e+06
7.97300018237101e+06
7.97299357171549e+06
7.97299926883510e+06
7.97299018774234e+06
7.97299819171626e+06
7.97299480334299e+06
7.97299105975509e+06
7.97298899139150e+06
7.97299232366987e+06
7.97299120734289e+06
7.97299993455935e+06
7.97299742655465e+06
7.97299153865761e+06
7.97298955106279e+06
7.97299144316212e+06
7.97299715355861e+06
7.97300597087782e+06
7.97299664454983e+06
7.97299275287517e+06
7.97299288310825e+06
7.97299383257012e+06
7.97298693945189e+06
7.97299784564682e+06
7.97299855983639e+06
7.97298988693451e+06
7.97300401558275e+06
7.97298959579639e+06
7.97298971779669e+06
7.97299650507314e+06
7.97299797226825e+06
7.97299082443805e+06
7.97299692135485e+06
7.97299497152239e+06
7.97300881969633e+06
7.97299991165803e+06
7.97299079051112e+06
7.97299473116829e+06
7.97299087799829e+06
7.97298893615765e+06
7.97300319432879e+06
7.97299165020651e+06
7.97299277563213e+06
7.97299879921234e+06
7.97300278291319e+06
7.97299655524177e+06
7.97300057436539e+06
7.97299283426713e+06
7.97299410250514e+06
7.97299624032623e+06
7.97299662463440e+06
7.97298665071690e+06
7.97299709280222e+06
7.97299291372929e+06
7.97299499172715e+06
7.97299330091403e+06
7.97300616811818e+06
7.97300066768835e+06
7.97299278651800e+06
7.97299694859916e+06
7.97300263513220e+06
7.97298987834252e+06
7.97299732871214e+06
7.97299448438647e+06
7.97299194653587e+06
7.97299643638800e+06
7.97299676601842e+06
7.97299392559701e+06
7.97299194731849e+06
7.97299228815410e+06
7.97299234072450e+06
7.97299075034599e+06
7.97299599566902e+06
7.97300087936260e+06
7.97299631409732e+06
7.97298822679977e+06
