7.97300319451973e+06
7.97300602175241e+06
7.97300703311125e+06
7.97300471449602e+06
7.97300558830568e+06
7.97300751641527e+06
7.97300524723857e+06
7.97300696757883e+06
7.97300434714182e+06
7.97300527143802e+06
7.97300540264190e+06
7.97300632941611e+06
7.97300484795634e+06
7.97300557176839e+06
7.97300378305986e+06
7.97300637723135e+06
7.97300449444247e+06
7.97300811544180e+06
7.97300492275135e+06
7.97300491002315e+06
7.97300548740771e+06
7.97300682451668e+06
7.97300444680726e+06
7.97300405124076e+06
7.97300466427842e+06
7.97300500328770e+06
7.97300456928117e+06
7.97300426503965e+06
7.97300544096615e+06
7.97300483965841e+06
7.97300565420773e+06
7.97300568042495e+06
7.97300535601858e+06
7.97300732635320e+06
7.97300615853049e+06
7.97300521344848e+06
7.97300563193281e+06
7.97300468807465e+06
7.97300424058264e+06
7.97300571459326e+06
7.97300629248917e+06
7.97300331791417e+06
7.97300609803854e+06
7.97300823003355e+06
7.97300730469640e+06
7.97300580022998e+06
7.97300581452053e+06
7.97300505689029e+06
7.97300659560430e+06
7.97300602440400e+06
7.97300530582912e+06
7.97300649007962e+06
7.97300588406682e+06
7.97300740795425e+06
7.97300476186844e+06
7.97300570561657e+06
7.97300631352888e+06
7.97300704085525e+06
7.97300442455950e+06
7.97300662675406e+06
7.97300713521092e+06
7.97300681663507e+06
7.97300683641714e+06
7.97300565922196e+06
7.97300715439662e+06
7.97300693144096e+06
7.97300602898904e+06
7.97300642207087e+06
7.97300462652337e+06
7.97300668349096e+06
7.97300663600797e+06
7.97300522948834e+06
7.97300430710667e+06
7.97300685033437e+06
7.97300418815773e+06
7.97300754008046e+06
7.97300641912546e+06
7.97300467799212e+06
7.97300548888598e+06
7.97300521198064e+06
7.97300546414895e+06
7.97300868688616e+06
7.97300561836599e+06
7.97300508765586e+06
7.97300513020381e+06
7.97300453035944e+06
7.97300623817672e+06
7.97300698361549e+06
7.97300696968299e+06
7.97300625961324e+06
7.97300564514279e+06
7.97300378206541e+06
7.97300617703780e+06
7.97300603913390e+06
7.97300509099130e+06
7.97300595346202e+06
7.97300552635274e+06
7.97300558089732e+06
7.97300509603969e+06
7.97300597195451e+06
