7.97303112902342e+06
7.97303189852632e+06
7.97303029878589e+06
7.97302881459035e+06
7.97302865397765e+06
7.97302983064781e+06
7.97302826313950e+06
7.97303009220316e+06
7.97303026456733e+06
7.97302970479268e+06
7.97302979000747e+06
7.97302945635966e+06
7.97302860281741e+06
7.97302981513054e+06
7.97303246367572e+06
7.97302925306976e+06
7.97303058695085e+06
7.97302975615197e+06
7.97303020835324e+06
7.97302954516349e+06
7.97302840590830e+06
7.97302889592077e+06
7.97303208593151e+06
7.97302846186477e+06
7.97302907891773e+06
7.97303019084713e+06
7.97302840074858e+06
7.97303088596777e+06
7.97302937646110e+06
7.97302983825270e+06
7.97303193746837e+06
7.97302954251354e+06
7.97302878245799e+06
7.97303215081785e+06
7.97303105416760e+06
7.97303070863287e+06
7.97303123887453e+06
7.97303068972364e+06
7.97302988023685e+06
7.97303031510412e+06
7.97302952490534e+06
7.97303066560698e+06
7.97303051758424e+06
7.97302787138021e+06
7.97303115425669e+06
7.97303125854534e+06
7.97302938244824e+06
7.97303201781884e+06
7.97302876981314e+06
7.97303137363139e+06
7.97303094315503e+06
7.97303045887214e+06
7.97302937112446e+06
7.97302949463558e+06
7.97303058920790e+06
7.97302884219190e+06
7.97302979182182e+06
7.97303041435187e+06
7.97303112706464e+06
7.97302814108726e+06
7.97303004086552e+06
7.97302989576546e+06
7.97303064486930e+06
7.97302959460307e+06
7.97302687911923e+06
7.97302803571434e+06
7.97302965239652e+06
7.97303000114366e+06
7.97302796490668e+06
7.97302992895930e+06
7.97303058167872e+06
7.97302899021063e+06
7.97302982628052e+06
7.97303192788464e+06
7.97303080095636e+06
7.97302797773962e+06
7.97303008176403e+06
7.97303197060937e+06
7.97303016071227e+06
7.97302952550969e+06
7.97302815188329e+06
7.97303131032034e+06
7.97302955836167e+06
7.97303086230114e+06
7.97302969419338e+06
7.97302777407893e+06
7.97302979779114e+06
7.97303057525442e+06
7.97303026243802e+06
7.97303170723979e+06
7.97303353907207e+06
7.97302928415577e+06
7.97302839110910e+06
7.97303031473062e+06
7.97303092324043e+06
7.97302989878120e+06
7.97302928912863e+06
7.97303007638083e+06
7.97302963400344e+06
7.97302884542699e+06

