5.35429964096876e+05
5.35429745717621e+05
5.35429766985193e+05
5.35429767221079e+05
5.35428891768707e+05
5.35429416686682e+05
5.35429405572290e+05
5.35432337641103e+05
5.35429059024235e+05
5.35429747597121e+05
5.35431541986833e+05
5.35431799325816e+05
5.35431698111570e+05
5.35428201331597e+05
5.35428684066276e+05
5.35431159582528e+05
5.35428188206584e+05
5.35431945932459e+05
5.35429535723076e+05
5.35430274236870e+05
5.35428679016539e+05
5.35432407291780e+05
5.35429510538933e+05
5.35428911475380e+05
5.35430362505965e+05
5.35429282410458e+05
5.35431797920772e+05
5.35430000215021e+05
5.35430454441709e+05
5.35431424730074e+05
5.35428813383870e+05
5.35431241959868e+05
5.35429403653846e+05
5.35431084354510e+05
5.35430678613601e+05
5.35430510982206e+05
5.35429004779361e+05
5.35431005475366e+05
5.35429538474703e+05
5.35429415137123e+05
5.35429254859277e+05
5.35429590896590e+05
5.35430382225567e+05
5.35429752346455e+05
5.35428487143892e+05
5.35430324709191e+05
5.35429832770884e+05
5.35429729672973e+05
5.35430728004522e+05
5.35429750394010e+05
5.35431369240041e+05
5.35430664515884e+05
5.35429573213235e+05
5.35430770425477e+05
5.35428868156585e+05
5.35430876838990e+05
5.35430945845765e+05
5.35430508062789e+05
5.35429371075361e+05
5.35428347504830e+05
5.35431795367631e+05
5.35431678925763e+05
5.35430449525972e+05
5.35428787972995e+05
5.35430118117014e+05
5.35429262288526e+05
5.35427670785925e+05
5.35428700717901e+05
5.35430834533285e+05
5.35429239774955e+05
5.35429445352527e+05
5.35431148261074e+05
5.35431466679256e+05
5.35428678338059e+05
5.35431368375195e+05
5.35430052358801e+05
5.35429764659414e+05
5.35430634712035e+05
5.35431586208062e+05
5.35431721576128e+05
5.35427919020299e+05
5.35429383006027e+05
5.35431749608393e+05
5.35429853916256e+05
5.35429530061519e+05
5.35429357888092e+05
5.35428308666303e+05
5.35430575164384e+05
5.35432333717845e+05
5.35430383053364e+05
5.35429501972605e+05
5.35430490678149e+05
5.35429521099143e+05
5.35430636882206e+05
5.35429222094776e+05
5.35431062860532e+05
5.35431160881854e+05
5.35427991130953e+05
5.35430294053010e+05
5.35432158111735e+05
