5.72145223152297e+05
5.72141922940520e+05
5.72143237116944e+05
5.72144247603290e+05
5.72144672585305e+05
5.72142573818153e+05
5.72144349443037e+05
5.72144669408986e+05
5.72142346085025e+05
5.72142943618253e+05
5.72141381111120e+05
5.72141543562775e+05
5.72144057216094e+05
5.72144646500610e+05
5.72142860468721e+05
5.72143882084837e+05
5.72142883187067e+05
5.72143485811946e+05
5.72144371683541e+05
5.72146176844141e+05
5.72143037715529e+05
5.72140680933324e+05
5.72143104845002e+05
5.72143060679850e+05
5.72142800404013e+05
5.72143309064382e+05
5.72145318142493e+05
5.72144036137295e+05
5.72143447384170e+05
5.72140723787546e+05
5.72145387981403e+05
5.72143379114437e+05
5.72142468989577e+05
5.72144380802416e+05
5.72142688874498e+05
5.72143463291920e+05
5.72145665838535e+05
5.72143982633371e+05
5.72144030232929e+05
5.72141486629380e+05
5.72143680754658e+05
5.72143454484350e+05
5.72143635950670e+05
5.72143339228926e+05
5.72140493492031e+05
5.72141448235085e+05
5.72143878545041e+05
5.72143759115654e+05
5.72144932986406e+05
5.72142274624829e+05
5.72144436940388e+05
5.72143277514843e+05
5.72143312492609e+05
5.72142246659053e+05
5.72143395877577e+05
5.72143507261194e+05
5.72145410601830e+05
5.72144594636955e+05
5.72144162457262e+05
5.72142180854720e+05
5.72143667585775e+05
5.72141452305122e+05
5.72141638774543e+05
5.72142332693293e+05
5.72144318192588e+05
5.72142416166777e+05
5.72142148901170e+05
5.72145670636657e+05
5.72146563117626e+05
5.72142096087013e+05
5.72142344243643e+05
5.72143148958048e+05
5.72143164782553e+05
5.72142527510042e+05
5.72140816742776e+05
5.72143867766120e+05
5.72143273760171e+05
5.72143381146495e+05
5.72140938133966e+05
5.72145173175945e+05
5.72142603149082e+05
5.72143618539221e+05
5.72144794269130e+05
5.72142642256171e+05
5.72141506160012e+05
5.72143385561571e+05
5.72143440256585e+05
5.72141156142877e+05
5.72143835499314e+05
5.72140994110780e+05
5.72142622763404e+05
5.72144828225886e+05
5.72144465770943e+05
5.72145711261359e+05
5.72142631334756e+05
5.72142791399986e+05
5.72144575958103e+05
5.72144755138873e+05
5.72146382440587e+05
5.72145877766319e+05