5.72146589329864e+05
5.72146849809462e+05
5.72146622944019e+05
5.72146462492242e+05
5.72145991652682e+05
5.72146036904688e+05
5.72146762619359e+05
5.72147404363804e+05
5.72145571732624e+05
5.72142983603400e+05
5.72149010308981e+05
5.72145058305330e+05
5.72147442798191e+05
5.72144908218866e+05
5.72147622514966e+05
5.72146297229279e+05
5.72147210281337e+05
5.72146994005739e+05
5.72147555275966e+05
5.72144546426596e+05
5.72145963027839e+05
5.72145856501847e+05
5.72146556725085e+05
5.72147197243924e+05
5.72145956590292e+05
5.72144634989220e+05
5.72145022074340e+05
5.72146001385122e+05
5.72145716994601e+05
5.72146364448311e+05
5.72145804547593e+05
5.72145560417583e+05
5.72145501431318e+05
5.72145588289672e+05
5.72146217523944e+05
5.72145111341491e+05
5.72146218287616e+05
5.72144310169705e+05
5.72146691752051e+05
5.72146295997796e+05
5.72144709022757e+05
5.72148027326111e+05
5.72146017367183e+05
5.72145966461084e+05
5.72147482386912e+05
5.72147114460910e+05
5.72145162160721e+05
5.72146441513550e+05
5.72146235502127e+05
5.72145435583282e+05
5.72147581818408e+05
5.72146955882640e+05
5.72145153348374e+05
5.72144527440781e+05
5.72146754189900e+05
5.72143054221957e+05
5.72146209848613e+05
5.72144949422792e+05
5.72146229316196e+05
5.72144177297458e+05
5.72145909333369e+05
5.72147479393324e+05
5.72145963416495e+05
5.72145954139486e+05
5.72145758031189e+05
5.72144452959183e+05
5.72145903977569e+05
5.72147634744395e+05
5.72146890320486e+05
5.72146592347912e+05
5.72146071357646e+05
5.72145894906358e+05
5.72145744749562e+05
5.72146271482943e+05
5.72147022599765e+05
5.72147718162654e+05
5.72148200675986e+05
5.72148314772851e+05
5.72145959101360e+05
5.72145335589508e+05
5.72145514605270e+05
5.72148373896255e+05
5.72146950887851e+05
5.72146067278006e+05
5.72145067569655e+05
5.72144659985174e+05
5.72148095300784e+05
5.72146907817841e+05
5.72147783546912e+05
5.72146362196903e+05
5.72146501627004e+05
5.72144997072869e+05
5.72146605963758e+05
5.72146600008528e+05
5.72145705320044e+05
5.72147341519754e+05
5.72146780344789e+05
5.72146359629015e+05
5.72146668886743e+05
5.72145998690304e+05
