5.72155296484546e+05
5.72154496306006e+05
5.72153598668308e+05
5.72156036972251e+05
5.72152784584671e+05
5.72153032637633e+05
5.72154328497024e+05
5.72155755731889e+05
5.72154790956903e+05
5.72153090959945e+05
5.72152490241110e+05
5.72153877612715e+05
5.72152899337233e+05
5.72152950788699e+05
5.72155970445462e+05
5.72153863191153e+05
5.72154343179950e+05
5.72155716988388e+05
5.72151733663016e+05
5.72154556086331e+05
5.72154645691912e+05
5.72153524629572e+05
5.72153262141628e+05
5.72153938801841e+05
5.72155435491760e+05
5.72154231848994e+05
5.72155339425871e+05
5.72153812128566e+05
5.72152806734585e+05
5.72153485850266e+05
5.72154434471689e+05
5.72153911775521e+05
5.72154090261706e+05
5.72154528546494e+05
5.72153604827901e+05
5.72153437494771e+05
5.72153179278579e+05
5.72152868329230e+05
5.72152564675860e+05
5.72152865103249e+05
5.72154238441504e+05
5.72152904272671e+05
5.72154202915555e+05
5.72154259462744e+05
5.72155458285799e+05
5.72153972010914e+05
5.72153187787728e+05
5.72155232245433e+05
5.72154080147730e+05
5.72153965261698e+05
5.72152977073284e+05
5.72155487389536e+05
5.72155883001425e+05
5.72153902924500e+05
5.72152241493086e+05
5.72154268794796e+05
5.72153704293407e+05
5.72154869182890e+05
5.72155113698149e+05
5.72154973337609e+05
5.72153311184519e+05
5.72154191609540e+05
5.72153648926198e+05
5.72154086359472e+05
5.72155776185311e+05
5.72153828656151e+05
5.72154647246710e+05
5.72153003192363e+05
5.72156695416175e+05
5.72154764418040e+05
5.72155349704247e+05
5.72155001084792e+05
5.72152827059250e+05
5.72153969225113e+05
5.72154288763582e+05
5.72152625154502e+05
5.72153850801839e+05
5.72152494755681e+05
5.72154103973378e+05
5.72154388353395e+05
5.72153439946918e+05
5.72155499857853e+05
5.72154761603223e+05
5.72153893790554e+05
5.72154265485842e+05
5.72155346024650e+05
5.72154000691341e+05
5.72152173508751e+05
5.72153806035546e+05
5.72154804976135e+05
5.72154500444207e+05
5.72154601529016e+05
5.72155324231791e+05
5.72153563712075e+05
5.72153341816040e+05
5.72154825489225e+05
5.72154496794263e+05
5.72155051275333e+05
5.72154636590906e+05
5.72154349600485e+05