5.35427543585617e+05
5.35427729093394e+05
5.35428953025110e+05
5.35426957585159e+05
5.35426156963551e+05
5.35427658367839e+05
5.35426965616168e+05
5.35425692987741e+05
5.35427145984143e+05
5.35428213637847e+05
5.35426266580361e+05
5.35429192411111e+05
5.35427531670801e+05
5.35425206905084e+05
5.35428311417843e+05
5.35426564327876e+05
5.35428335029519e+05
5.35426669844644e+05
5.35426159151094e+05
5.35428391587799e+05
5.35427185412465e+05
5.35428301196162e+05
5.35428744187041e+05
5.35428513962283e+05
5.35428541608657e+05
5.35427810578888e+05
5.35426847465306e+05
5.35429202173928e+05
5.35430034454059e+05
5.35426259647168e+05
5.35427601990209e+05
5.35427909292256e+05
5.35427987336560e+05
5.35425068989113e+05
5.35429902293773e+05
5.35427639212605e+05
5.35425205774000e+05
5.35429202612768e+05
5.35427471400688e+05
5.35427438808195e+05
5.35426288540906e+05
5.35429546750198e+05
5.35427129158070e+05
5.35427307855721e+05
5.35426916563564e+05
5.35427718488745e+05
5.35425695466687e+05
5.35426948997925e+05
5.35429505088365e+05
5.35428553629039e+05
5.35427662571621e+05
5.35426796951247e+05
5.35427213307924e+05
5.35428134368102e+05
5.35426264853387e+05
5.35427235298339e+05
5.35427217793684e+05
5.35427789014995e+05
5.35426191331605e+05
5.35427568288295e+05
5.35427624424502e+05
5.35429011928872e+05
5.35426840969627e+05
5.35430363388799e+05
5.35425060023968e+05
5.35428581439369e+05
5.35426273834112e+05
5.35428677610665e+05
5.35427830109523e+05
5.35427867336461e+05
5.35426185279014e+05
5.35427018243058e+05
5.35427528893177e+05
5.35426498791608e+05
5.35425822625091e+05
5.35429320398981e+05
5.35428018031924e+05
5.35425746318022e+05
5.35427802039143e+05
5.35427402508967e+05
5.35430549757441e+05
5.35425605876577e+05
5.35425850956035e+05
5.35428514509259e+05
5.35426103937238e+05
5.35425052501251e+05
5.35428886100853e+05
5.35429019492715e+05
5.35428913129075e+05
5.35427034541063e+05
5.35425422900841e+05
5.35426448600520e+05
5.35429708333468e+05
5.35426307558577e+05
5.35428168297686e+05
5.35427694313097e+05
5.35426755175608e+05
5.35428372105931e+05
5.35427353047641e+05
5.35427662909742e+05
5.35425702649299e+05
5.35427202136219e+05
5.35425379191093e+05
5.35426669242171e+05
5.35425222296264e+05
5.35428436079824e+05
5.35426947108354e+05
5.35428201048281e+05
5.35426764947099e+05
5.35426370755255e+05
5.35427024418644e+05
5.35425764575101e+05
5.35427185266530e+05
5.35428040190547e+05
5.35425641436484e+05
5.35429189473813e+05
5.35429076704491e+05
5.35427904623732e+05
5.35428246203204e+05
5.35426531991584e+05
5.35427188757909e+05
5.35428857364286e+05
5.35427707472364e+05
5.35430071474059e+05
5.35426254338923e+05
5.35429561830545e+05
5.35428620477188e+05
5.35427288261798e+05
5.35425987374357e+05
5.35427142939282e+05
5.35425353979073e+05
5.35427361019688e+05
5.35429136857124e+05
5.35425322028906e+05
5.35428006843347e+05
5.35425929809762e+05
5.35429219579711e+05
5.35425822332092e+05
5.35426819410479e+05
5.35426689778224e+05
5.35429128963242e+05
5.35428591308106e+05
5.35426737455827e+05
5.35428386299305e+05
5.35425598904688e+05
5.35427071158558e+05
5.35426617291425e+05
5.35426465619532e+05
5.35428101134869e+05
5.35424842601403e+05
5.35428561061097e+05
5.35427850229739e+05
5.35427414314450e+05
5.35428605542761e+05
5.35427904137934e+05
5.35426998805147e+05
5.35425512516779e+05
5.35428035240170e+05
5.35428782778705e+05
5.35426468743101e+05
5.35427910338190e+05
5.35428025575181e+05
5.35427588379365e+05
5.35426240847221e+05
5.35429479536430e+05
5.35425906074509e+05
5.35430040109267e+05
5.35427838186332e+05
5.35427875032183e+05
5.35428878814441e+05
5.35427568818221e+05
5.35429690065983e+05
5.35426637263281e+05
5.35426828929818e+05
5.35425598076683e+05
5.35427410397015e+05
5.35428619110923e+05
5.35423877997002e+05
5.35427153959926e+05
5.35426569573682e+05
5.35428347788783e+05
5.35426143915712e+05
5.35427454440080e+05
5.35427978442366e+05
5.35427951055806e+05
5.35428852202220e+05
5.35429349561520e+05
5.35428049968804e+05
5.35426571207978e+05
5.35427507308414e+05
5.35426359316852e+05
5.35428864172810e+05
5.35426270686543e+05
5.35428247669017e+05
5.35426909625466e+05
5.35425117407083e+05
5.35427559975285e+05
5.35427342741323e+05
5.35426047281111e+05
5.35429216126751e+05
5.35427144755251e+05
5.35426510591135e+05
5.35427627445656e+05
5.35426309318098e+05
5.35427486762340e+05
5.35426406767587e+05
5.35427078643268e+05
5.35427259521949e+05
5.35426255571816e+05
5.35425534980607e+05
5.35424938773485e+05
5.35427868410660e+05
5.35426828808249e+05
5.35425700195114e+05
5.35426300241321e+05
5.35427709770045e+05
5.35428738746705e+05
5.35423839781104e+05
5.35430407983168e+05
5.35427692587717e+05
5.35429417947003e+05
5.35427506351070e+05
5.35427289006496e+05
5.35427869294827e+05
5.35427393958527e+05
5.35428686523114e+05
5.35431954211840e+05
5.35428022264123e+05
5.35426011719704e+05
5.35426077119498e+05
5.35426103435659e+05
5.35426998566575e+05
5.35428624856983e+05
5.35426576766743e+05