5.35429556463857e+05
5.35429346591675e+05
5.35429983186546e+05
5.35430059501354e+05
5.35431133258171e+05
5.35430931301460e+05
5.35429820097675e+05
5.35428527689480e+05
5.35429687714303e+05
5.35430561201034e+05
5.35430046393739e+05
5.35429022360392e+05
5.35429394641576e+05
5.35430127319313e+05
5.35431453464499e+05
5.35430230016517e+05
5.35429180254569e+05
5.35430991769428e+05
5.35429615027068e+05
5.35429349471321e+05
5.35428436258410e+05
5.35430368879528e+05
5.35428592604813e+05
5.35431812544754e+05
5.35428559226656e+05
5.35428949888034e+05
5.35430156090054e+05
5.35429248812583e+05
5.35430670470637e+05
5.35431031990430e+05
5.35431386411041e+05
5.35429333789616e+05
5.35429812401314e+05
5.35430294443865e+05
5.35430582019968e+05
5.35430086672006e+05
5.35430762643496e+05
5.35428452933505e+05
5.35430740737220e+05
5.35429904531752e+05
5.35433010622928e+05
5.35429157778230e+05
5.35429651556963e+05
5.35430319278986e+05
5.35430668693398e+05
5.35429371933525e+05
5.35430307178578e+05
5.35430738046038e+05
5.35429546136982e+05
5.35431237341480e+05
5.35429364648725e+05
5.35431226490096e+05
5.35430782445632e+05
5.35432016170168e+05
5.35430198267434e+05
5.35427184020325e+05
5.35429257262364e+05
5.35429549275558e+05
5.35428978992647e+05
5.35429810383642e+05
5.35430311927490e+05
5.35429370904907e+05
5.35429948543945e+05
5.35429398897204e+05
5.35427705868533e+05
5.35429790001608e+05
5.35428998159346e+05
5.35429011626773e+05
5.35429581420397e+05
5.35429063397431e+05
5.35429483782657e+05
5.35430342834863e+05
5.35430647873223e+05
5.35431591958216e+05
5.35429336045330e+05
5.35429741934426e+05
5.35429433958079e+05
5.35428904274938e+05
5.35432082999411e+05
5.35429134776753e+05
5.35430848891854e+05
5.35430066462238e+05
5.35427290984262e+05
5.35431999235978e+05
5.35429289662569e+05
5.35429213985256e+05
5.35429495059608e+05
5.35431099527498e+05
5.35428917060478e+05
5.35429846251755e+05
5.35429212786778e+05
5.35429986916899e+05
5.35428162678144e+05
5.35430175932781e+05
5.35428941420840e+05
5.35429489575001e+05
5.35428284514943e+05
5.35429835850303e+05
5.35430332548949e+05
5.35428296661191e+05
