5.35437684577064e+05
5.35437560754167e+05
5.35438103621572e+05
5.35438089106424e+05
5.35436699517029e+05
5.35438540722510e+05
5.35437599927731e+05
5.35438595288427e+05
5.35438925328986e+05
5.35437627416605e+05
5.35437201654058e+05
5.35437505182751e+05
5.35439575544378e+05
5.35437623874193e+05
5.35439457737769e+05
5.35439393699979e+05
5.35439548352280e+05
5.35437411203639e+05
5.35434661151039e+05
5.35437714394688e+05
5.35437258670452e+05
5.35439895814801e+05
5.35440113315808e+05
5.35437224792227e+05
5.35437545793558e+05
5.35439342795294e+05
5.35438143792716e+05
5.35438795341611e+05
5.35436638173335e+05
5.35440679704961e+05
5.35436599886913e+05
5.35438754499324e+05
5.35438261082557e+05
5.35437758406540e+05
5.35436658781800e+05
5.35439376338435e+05
5.35438272083765e+05
5.35440258358685e+05
5.35436797230806e+05
5.35439106916682e+05
5.35435976225280e+05
5.35436582076737e+05
5.35438892269233e+05
5.35438174457625e+05
5.35439071261078e+05
5.35437785129745e+05
5.35438394942199e+05
5.35438872193181e+05
5.35436490788401e+05
5.35437200690478e+05
5.35437721941285e+05
5.35437277608696e+05
5.35436964461826e+05
5.35435662519596e+05
5.35439518116281e+05
5.35437864222102e+05
5.35438385338582e+05
5.35437342545572e+05
5.35440469449858e+05
5.35437437176151e+05
5.35437977272486e+05
5.35438195919979e+05
5.35437752652618e+05
5.35438352157551e+05
5.35436875193466e+05
5.35439210692987e+05
5.35438973070739e+05
5.35436337887753e+05
5.35437524696623e+05
5.35438137630830e+05
5.35438187527577e+05
5.35437243307695e+05
5.35439658758218e+05
5.35438273884046e+05
5.35436329599952e+05
5.35438201709421e+05
5.35439363938631e+05
5.35439241283501e+05
5.35436690304596e+05
5.35438036711848e+05
5.35439775750053e+05
5.35437138299548e+05
5.35439156632944e+05
5.35438901236225e+05
5.35437435092568e+05
5.35437445240960e+05
5.35437374890970e+05
5.35437338379694e+05
5.35438867449278e+05
5.35437852457788e+05
5.35439707312304e+05
5.35437927647513e+05
5.35439067486024e+05
5.35439104966687e+05
5.35439097275202e+05
5.35439083694895e+05
5.35438253022021e+05
5.35435859480256e+05
5.35439689093634e+05
5.35436781323109e+05
