6.58721220521302e+05
6.58721912681578e+05
6.58724270055475e+05
6.58720719888289e+05
6.58722443388198e+05
6.58721579359011e+05
6.58721042842101e+05
6.58721878839125e+05
6.58721906197826e+05
6.58722745204732e+05
6.58722567205105e+05
6.58721960214104e+05
6.58721152600973e+05
6.58722455832385e+05
6.58723311496953e+05
6.58723781561761e+05
6.58722324389904e+05
6.58720758092714e+05
6.58720871824611e+05
6.58720334347813e+05
6.58721610704058e+05
6.58720696809575e+05
6.58723055262679e+05
6.58718024501011e+05
6.58722495482982e+05
6.58723554483589e+05
6.58722967722107e+05
6.58723094958304e+05
6.58721721759647e+05
6.58720883395117e+05
6.58722684973259e+05
6.58722355761208e+05
6.58719511271857e+05
6.58721065941172e+05
6.58723581591225e+05
6.58722887378588e+05
6.58722178465343e+05
6.58720705183061e+05
6.58722795991160e+05
6.58721047769705e+05
6.58721271047317e+05
6.58720759932522e+05
6.58721782178526e+05
6.58719997092836e+05
6.58722545386849e+05
6.58720786042395e+05
6.58720848125613e+05
6.58722348313621e+05
6.58723871481188e+05
6.58722554687820e+05
6.58723932029256e+05
6.58723744994756e+05
6.58722138602181e+05
6.58721693377185e+05
6.58723285951690e+05
6.58720435611716e+05
6.58721678111388e+05
6.58724552661896e+05
6.58721951941884e+05
6.58724684484201e+05
6.58720760168151e+05
6.58720560567998e+05
6.58721435829120e+05
6.58720791980876e+05
6.58722540260953e+05
6.58721393149837e+05
6.58723203978255e+05
6.58721765011721e+05
6.58721808870399e+05
6.58720379937232e+05
6.58720394004746e+05
6.58720459977587e+05
6.58721409182310e+05
6.58722408095884e+05
6.58722551415141e+05
6.58719966971075e+05
6.58723073307197e+05
6.58722369382452e+05
6.58720903977262e+05
6.58722977992672e+05
6.58721762272605e+05
6.58723331908155e+05
6.58721760292140e+05
6.58724083163949e+05
6.58720851182824e+05
6.58722440538910e+05
6.58720896520289e+05
6.58721375480582e+05
6.58720287398508e+05
6.58723749013204e+05
6.58719848612425e+05
6.58720483573895e+05
6.58721176618344e+05
6.58722635965413e+05
6.58721943058317e+05
6.58722054508482e+05
6.58721829785387e+05
6.58720670772213e+05
6.58722025904625e+05
6.58721285551745e+05
6.58720118561550e+05
6.58722769842376e+05
6.58721434485025e+05
6.58719376296513e+05
6.58722141721528e+05
6.58726146899555e+05
6.58721901060708e+05
6.58720943693181e+05
6.58721982363014e+05
6.58723159169866e+05
6.58716886225975e+05
6.58722085063447e+05
6.58722524471468e+05
6.58723057271137e+05
6.58721947560818e+05
6.58719964293222e+05
6.58722796615861e+05
6.58720358151535e+05
6.58723871388384e+05
6.58719961607558e+05
6.58722984704816e+05
6.58721010426014e+05
6.58722133141134e+05
6.58720279575331e+05
6.58723043249962e+05
6.58721339201690e+05
6.58721860927126e+05
6.58721198912982e+05
6.58724205048591e+05
6.58721582039756e+05
6.58721869109682e+05
6.58724642716690e+05
6.58720984890922e+05
6.58720499274357e+05
6.58723636112784e+05
6.58720795200649e+05
6.58721999826260e+05
6.58720630559003e+05
6.58723449884815e+05
6.58722133192395e+05
6.58721086506377e+05
6.58721960839299e+05
6.58721820704617e+05
6.58720868328304e+05
6.58721815903776e+05
6.58720795781633e+05
6.58720143664132e+05
6.58723908076336e+05
6.58720322108330e+05
6.58720740479883e+05
6.58721689589108e+05
6.58723145977332e+05
6.58724033615507e+05
6.58721082569748e+05
6.58721252402424e+05
6.58723135091000e+05
6.58720612649818e+05
6.58720241908406e+05
6.58722100356933e+05
6.58720712037026e+05
6.58721140003299e+05
6.58720634919612e+05
6.58721729575269e+05
6.58719088847502e+05
6.58722774671814e+05