6.58727006853170e+05
6.58726987473699e+05
6.58724932725019e+05
6.58724139681243e+05
6.58725684040262e+05
6.58725983618044e+05
6.58725206068345e+05
6.58726738179760e+05
6.58723957031266e+05
6.58725344386335e+05
6.58725314336723e+05
6.58725493150192e+05
6.58727104415697e+05
6.58726219387393e+05
6.58726276718387e+05
6.58726220655907e+05
6.58724285453400e+05
6.58723557707306e+05
6.58724548022514e+05
6.58724960779103e+05
6.58725682955360e+05
6.58725443237131e+05
6.58724095401885e+05
6.58725927523142e+05
6.58726566093190e+05
6.58726851484966e+05
6.58727067453801e+05
6.58726720021012e+05
6.58725438073778e+05
6.58725781457066e+05
6.58725594960797e+05
6.58724582092305e+05
6.58724794369943e+05
6.58724288624948e+05
6.58727147573831e+05
6.58725586582957e+05
6.58726570642220e+05
6.58722742215344e+05
6.58724475864774e+05
6.58726922365087e+05
6.58724651713911e+05
6.58725961455187e+05
6.58723308707694e+05
6.58726372486427e+05
6.58724076739256e+05
6.58724424932544e+05
6.58724899078259e+05
6.58724474585323e+05
6.58724554902394e+05
6.58726099938693e+05
6.58725821283470e+05
6.58727757437923e+05
6.58726400387551e+05
6.58727969024786e+05
6.58724770875758e+05
6.58726558973633e+05
6.58726188255649e+05
6.58725799966210e+05
6.58724700052369e+05
6.58725825894661e+05
6.58724562196034e+05
6.58726454542436e+05
6.58725993889075e+05
6.58725329882009e+05
6.58727433334698e+05
6.58725928441242e+05
6.58724406338045e+05
6.58723818387730e+05
6.58725146747775e+05
6.58727269307759e+05
6.58726185759469e+05
6.58726962895250e+05
6.58726788661167e+05
6.58727311856342e+05
6.58727081913853e+05
6.58725693630771e+05
6.58727058551594e+05
6.58725251835680e+05
6.58724532057988e+05
6.58724670406842e+05
6.58725298775983e+05
6.58727142206553e+05
6.58724412258816e+05
6.58724072305198e+05
6.58726163343499e+05
6.58724750057533e+05
6.58723756251507e+05
6.58728364919721e+05
6.58725903860375e+05
6.58728497365886e+05
6.58724403720047e+05
6.58725969645818e+05
6.58722863384270e+05
6.58724644362235e+05
6.58726091810614e+05
6.58725065371706e+05
6.58727640938249e+05
6.58725937766657e+05
6.58725735523694e+05
6.58724066712483e+05
