7.97303310329446e+06
7.97303612626533e+06
7.97303476472732e+06
7.97303543724721e+06
7.97303279220423e+06
7.97303428397878e+06
7.97303320490558e+06
7.97303406543086e+06
7.97303433012067e+06
7.97303613639028e+06
7.97303510283573e+06
7.97303456104206e+06
7.97303344976317e+06
7.97303223549391e+06
7.97303192420950e+06
7.97303611681893e+06
7.97303308482145e+06
7.97303333007281e+06
7.97303349203085e+06
7.97303443941963e+06
7.97303405044354e+06
7.97303571463065e+06
7.97303332769924e+06
7.97303567447390e+06
7.97303591950285e+06
7.97303394216562e+06
7.97303634896724e+06
7.97303429757147e+06
7.97303586428415e+06
7.97303552520720e+06
7.97303734989375e+06
7.97303456812957e+06
7.97303559671374e+06
7.97303401265081e+06
7.97303301328052e+06
7.97303197950306e+06
7.97303401638401e+06
7.97303174518202e+06
7.97303287195301e+06
7.97303453689361e+06
7.97303541377715e+06
7.97303778240568e+06
7.97303521644152e+06
7.97303326309425e+06
7.97303349089209e+06
7.97303447614922e+06
7.97303760643531e+06
7.97303547267270e+06
7.97303427549298e+06
7.97303516196073e+06
7.97303538588891e+06
7.97303373232987e+06
7.97303502899757e+06
7.97303403536632e+06
7.97303277197020e+06
7.97303511384851e+06
7.97303451693067e+06
7.97303308528562e+06
7.97303259255040e+06
7.97303476069843e+06
7.97303501564217e+06
7.97303237768905e+06
7.97303325284404e+06
7.97303911268469e+06
7.97303285371496e+06
7.97303423625054e+06
7.97303430089990e+06
7.97303427142366e+06
7.97303294094692e+06
7.97303455211456e+06
7.97303358378446e+06
7.97303462900096e+06
7.97303280407921e+06
7.97303420768237e+06
7.97303409654815e+06
7.97303426080203e+06
7.97303545985925e+06
7.97303619302053e+06
7.97303394397928e+06
7.97303503415243e+06
7.97303426155379e+06
7.97303510746276e+06
7.97303380701114e+06
7.97303462478348e+06
7.97303364961685e+06
7.97303192170569e+06
7.97303600521295e+06
7.97303530326550e+06
7.97303606992747e+06
7.97303590133430e+06
7.97303419485150e+06
7.97303217340534e+06
7.97303609515719e+06
7.97303454716137e+06
7.97303490966771e+06
7.97303476220070e+06
7.97303357564115e+06
7.97303336182247e+06
7.97303348552348e+06
7.97303587934292e+06
