7.97303608331622e+06
7.97303551169273e+06
7.97303499686350e+06
7.97303557262471e+06
7.97303511281311e+06
7.97303616026104e+06
7.97303560739125e+06
7.97303483840615e+06
7.97303509469441e+06
7.97303586863997e+06
7.97303593657416e+06
7.97303493486942e+06
7.97303496126481e+06
7.97303461441934e+06
7.97303408958014e+06
7.97303610213619e+06
7.97303470281580e+06
7.97303478697371e+06
7.97303525786336e+06
7.97303568839824e+06
7.97303427996726e+06
7.97303497186017e+06
7.97303521393782e+06
7.97303482692493e+06
7.97303433548884e+06
7.97303572369324e+06
7.97303498109806e+06
7.97303398280556e+06
7.97303467862176e+06
7.97303632115964e+06
7.97303542793895e+06
7.97303491129528e+06
7.97303544117555e+06
7.97303506199996e+06
7.97303438651300e+06
7.97303498359817e+06
7.97303485755272e+06
7.97303379596735e+06
7.97303531575327e+06
7.97303613866039e+06
7.97303401460367e+06
7.97303632642372e+06
7.97303545502139e+06
7.97303430963249e+06
7.97303449148992e+06
7.97303541140107e+06
7.97303575942988e+06
7.97303500017989e+06
7.97303550516235e+06
7.97303411734923e+06
7.97303556138718e+06
7.97303442770072e+06
7.97303604574725e+06
7.97303472747962e+06
7.97303555349176e+06
7.97303520974107e+06
7.97303542984681e+06
7.97303578353707e+06
7.97303559874482e+06
7.97303558581471e+06
7.97303477813940e+06
7.97303441310834e+06
7.97303426698349e+06
7.97303520786200e+06
7.97303606031985e+06
7.97303610400858e+06
7.97303477027495e+06
7.97303556955959e+06
7.97303500387602e+06
7.97303612545612e+06
7.97303534214456e+06
7.97303615327877e+06
7.97303517197810e+06
7.97303451058169e+06
7.97303486745419e+06
7.97303623976793e+06
7.97303548415458e+06
7.97303491887672e+06
7.97303511208472e+06
7.97303479073879e+06
7.97303545957262e+06
7.97303471753896e+06
7.97303408097713e+06
7.97303599001632e+06
7.97303585868397e+06
7.97303582199988e+06
7.97303596659589e+06
7.97303570363482e+06
7.97303375039207e+06
7.97303406336951e+06
7.97303495822234e+06
7.97303555228935e+06
7.97303539939608e+06
7.97303580674426e+06
7.97303374174861e+06
7.97303562112187e+06
7.97303548729618e+06
7.97303505545804e+06
7.97303472969400e+06
7.97303419380401e+06
