7.97303185816071e+06
7.97303156995160e+06
7.97303297090875e+06
7.97303220179866e+06
7.97302941595323e+06
7.97302957620173e+06
7.97302792704780e+06
7.97303511620854e+06
7.97303053222606e+06
7.97303233265022e+06
7.97303199463300e+06
7.97303030982879e+06
7.97302852589519e+06
7.97303401811482e+06
7.97303122703496e+06
7.97302829147296e+06
7.97302919525784e+06
7.97303109547640e+06
7.97303338705527e+06
7.97302941097757e+06
7.97302808806755e+06
7.97303610196044e+06
7.97303337821374e+06
7.97303131762153e+06
7.97302800240699e+06
7.97302438855053e+06
7.97303087745173e+06
7.97303256865048e+06
7.97303061572832e+06
7.97303216231851e+06
7.97303342640707e+06
7.97303248683131e+06
7.97302742929626e+06
7.97302895702921e+06
7.97302750714704e+06
7.97302789921625e+06
7.97302809741567e+06
7.97302960844252e+06
7.97303349640987e+06
7.97302937424659e+06
7.97302997548925e+06
7.97302776757654e+06
7.97303130469893e+06
7.97303196615602e+06
7.97303457692424e+06
7.97303030466427e+06
7.97302993833110e+06
7.97302989892643e+06
7.97303497384898e+06
7.97303024856925e+06
7.97302714870512e+06
7.97302846083754e+06
7.97303068089007e+06
7.97302928459358e+06
7.97303466714171e+06
7.97303180103827e+06
7.97302979373882e+06
7.97302880031091e+06
7.97303218631107e+06
7.97302608913834e+06
7.97302868504243e+06
7.97302972075028e+06
7.97303006771311e+06
7.97303268805119e+06
7.97302903903954e+06
7.97303153462903e+06
7.97302693436989e+06
7.97303127165466e+06
7.97303086866318e+06
7.97303271325958e+06
7.97302849221946e+06
7.97303420277524e+06
7.97303195182441e+06
7.97303136930855e+06
7.97303300265549e+06
7.97302974473604e+06
7.97302960872116e+06
7.97303074605197e+06
7.97303238862133e+06
7.97303203797498e+06
7.97302862330724e+06
7.97303620507524e+06
7.97303260426440e+06
7.97303200390519e+06
7.97302975797717e+06
7.97302969974586e+06
7.97303550093865e+06
7.97303071299592e+06
7.97303045575101e+06
7.97302941644826e+06
7.97303512650964e+06
7.97303120826571e+06
7.97303036908996e+06
7.97303259137604e+06
7.97303301995335e+06
7.97303310272293e+06
7.97302826717399e+06
7.97302466680720e+06
7.97302843420882e+06
7.97303397638556e+06
