7.97303503677744e+06
7.97303505257861e+06
7.97303477904236e+06
7.97303549098455e+06
7.97303429573363e+06
7.97303533797281e+06
7.97303457390882e+06
7.97303463987501e+06
7.97303585136080e+06
7.97303497867758e+06
7.97303602706717e+06
7.97303552465905e+06
7.97303530725919e+06
7.97303540528932e+06
7.97303457662505e+06
7.97303538572520e+06
7.97303574830404e+06
7.97303494447787e+06
7.97303433622842e+06
7.97303496602957e+06
7.97303525081474e+06
7.97303426968651e+06
7.97303525445673e+06
7.97303434957706e+06
7.97303584761410e+06
7.97303499851897e+06
7.97303530316273e+06
7.97303491028440e+06
7.97303539032136e+06
7.97303580749898e+06
7.97303557761723e+06
7.97303422039074e+06
7.97303539862056e+06
7.97303560240288e+06
7.97303511314097e+06
7.97303585525427e+06
7.97303473935120e+06
7.97303455520487e+06
7.97303571707831e+06
7.97303505741449e+06
7.97303492497538e+06
7.97303529314268e+06
7.97303504381434e+06
7.97303514230672e+06
7.97303533206127e+06
7.97303534466730e+06
7.97303586885867e+06
7.97303476480768e+06
7.97303500246823e+06
7.97303427797841e+06
7.97303553654114e+06
7.97303496956771e+06
7.97303519422173e+06
7.97303455134085e+06
7.97303503719823e+06
7.97303520874965e+06
7.97303581133149e+06
7.97303561107897e+06
7.97303503369784e+06
7.97303577397435e+06
7.97303520144618e+06
7.97303469363133e+06
7.97303440094236e+06
7.97303493332574e+06
7.97303462304485e+06
7.97303467091279e+06
7.97303481771689e+06
7.97303512703343e+06
7.97303553831658e+06
7.97303478991660e+06
7.97303506650449e+06
7.97303542505681e+06
7.97303497646675e+06
7.97303523793158e+06
7.97303518534476e+06
7.97303503094077e+06
7.97303559538906e+06
7.97303487937568e+06
7.97303513350776e+06
7.97303459318401e+06
7.97303442851078e+06
7.97303567683110e+06
7.97303534610499e+06
7.97303486225600e+06
7.97303482605382e+06
7.97303510549536e+06
7.97303532720281e+06
7.97303465200147e+06
7.97303473119245e+06
7.97303559437785e+06
7.97303393538484e+06
7.97303472051372e+06
7.97303529932253e+06
7.97303554539729e+06
7.97303541554070e+06
7.97303492871412e+06
7.97303554048148e+06
7.97303568935395e+06
7.97303552280565e+06
7.97303544435839e+06
