7.97303567519087e+06
7.97303412872176e+06
7.97303525709418e+06
7.97303437024170e+06
7.97303716846775e+06
7.97303456037481e+06
7.97303482398857e+06
7.97303299353804e+06
7.97303371711436e+06
7.97303519938426e+06
7.97303494899793e+06
7.97303432708230e+06
7.97303457961821e+06
7.97303567052654e+06
7.97303565375094e+06
7.97303639948287e+06
7.97303429005516e+06
7.97303582524107e+06
7.97303441911182e+06
7.97303707955275e+06
7.97303483063796e+06
7.97303356615813e+06
7.97303318944400e+06
7.97303526699426e+06
7.97303461888619e+06
7.97303508546341e+06
7.97303482913093e+06
7.97303576419597e+06
7.97303505067275e+06
7.97303537115980e+06
7.97303553724059e+06
7.97303456547794e+06
7.97303551585674e+06
7.97303463608722e+06
7.97303720674043e+06
7.97303514597730e+06
7.97303438383421e+06
7.97303466816193e+06
7.97303423032534e+06
7.97303517627688e+06
7.97303660664418e+06
7.97303409124464e+06
7.97303556978502e+06
7.97303395782125e+06
7.97303495259366e+06
7.97303447451421e+06
7.97303607868581e+06
7.97303622619216e+06
7.97303696122370e+06
7.97303663464495e+06
7.97303389079004e+06
7.97303517154600e+06
7.97303389510589e+06
7.97303461454573e+06
7.97303786269971e+06
7.97303535756870e+06
7.97303419365602e+06
7.97303700558632e+06
7.97303471166915e+06
7.97303506364677e+06
7.97303407104459e+06
7.97303365994576e+06
7.97303495555692e+06
7.97303654184906e+06
7.97303404148762e+06
7.97303634263549e+06
7.97303641830512e+06
7.97303604573011e+06
7.97303388743040e+06
7.97303589997059e+06
7.97303488006027e+06
7.97303579523084e+06
7.97303385477881e+06
7.97303461845380e+06
7.97303547600640e+06
7.97303688750949e+06
7.97303383941570e+06
7.97303455970861e+06
7.97303460801009e+06
7.97303322832231e+06
7.97303564565311e+06
7.97303658939404e+06
7.97303614149761e+06
7.97303406569009e+06
7.97303523814232e+06
7.97303449062124e+06
7.97303377981276e+06
7.97303520450394e+06
7.97303465545233e+06
7.97303550524428e+06
7.97303502156716e+06
7.97303487940124e+06
7.97303428328490e+06
7.97303429623198e+06
7.97303645340609e+06
7.97303500604660e+06
7.97303571545140e+06
7.97303525100921e+06
7.97303390800987e+06
7.97303525503266e+06
