7.97300606511288e+06
7.97300598199946e+06
7.97300586326259e+06
7.97300542969836e+06
7.97300650219914e+06
7.97300741915162e+06
7.97300614218527e+06
7.97300583095555e+06
7.97300658761829e+06
7.97300600167645e+06
7.97300608030947e+06
7.97300606068399e+06
7.97300567676665e+06
7.97300579749953e+06
7.97300633852086e+06
7.97300565211298e+06
7.97300554516052e+06
7.97300620548490e+06
7.97300604872274e+06
7.97300449946259e+06
7.97300588751218e+06
7.97300564509506e+06
7.97300676781235e+06
7.97300652890788e+06
7.97300627215781e+06
7.97300474257323e+06
7.97300682541495e+06
7.97300633324724e+06
7.97300640232979e+06
7.97300521304110e+06
7.97300706036647e+06
7.97300525557083e+06
7.97300422737824e+06
7.97300602814991e+06
7.97300526329946e+06
7.97300747351044e+06
7.97300487196892e+06
7.97300651494706e+06
7.97300738718641e+06
7.97300695586663e+06
7.97300554938825e+06
7.97300622277159e+06
7.97300661617425e+06
7.97300637835866e+06
7.97300777577287e+06
7.97300529115475e+06
7.97300634902594e+06
7.97300594105250e+06
7.97300581007175e+06
7.97300561308459e+06
7.97300624370602e+06
7.97300639257793e+06
7.97300445952837e+06
7.97300536370013e+06
7.97300541577711e+06
7.97300728248137e+06
7.97300686426666e+06
7.97300585556080e+06
7.97300645488549e+06
7.97300653539340e+06
7.97300625990603e+06
7.97300643630771e+06
7.97300539795641e+06
7.97300535383679e+06
7.97300573980780e+06
7.97300669009790e+06
7.97300585927704e+06
7.97300689815374e+06
7.97300773066876e+06
7.97300721003161e+06
7.97300590180648e+06
7.97300559032710e+06
7.97300689629384e+06
7.97300739758761e+06
7.97300567951898e+06
7.97300682766952e+06
7.97300680462332e+06
7.97300726375071e+06
7.97300624839627e+06
7.97300776213968e+06
7.97300661235438e+06
7.97300461638197e+06
7.97300497478880e+06
7.97300651457750e+06
7.97300588833050e+06
7.97300536602661e+06
7.97300601555757e+06
7.97300734428865e+06
7.97300697342573e+06
7.97300632417814e+06
7.97300535723233e+06
7.97300556634993e+06
7.97300689630195e+06
7.97300632903269e+06
7.97300633007059e+06
7.97300678040843e+06
7.97300608248889e+06
7.97300510019226e+06
7.97300630609337e+06
7.97300614511136e+06
