7.97299682142635e+06
7.97300111285992e+06
7.97299604321490e+06
7.97299793873490e+06
7.97300218558712e+06
7.97299823836414e+06
7.97300098070151e+06
7.97299513136689e+06
7.97299972110993e+06
7.97299494257712e+06
7.97300086523363e+06
7.97300528077492e+06
7.97299772758429e+06
7.97300059745434e+06
7.97299683875835e+06
7.97299814381668e+06
7.97299071229715e+06
7.97299321595678e+06
7.97299536931570e+06
7.97299531778019e+06
7.97299800845377e+06
7.97300524929868e+06
7.97299926228192e+06
7.97300819605309e+06
7.97299840188744e+06
7.97299960118990e+06
7.97299914430356e+06
7.97300091698602e+06
7.97299181063498e+06
7.97300650035019e+06
7.97300086636183e+06
7.97300090893986e+06
7.97299978854976e+06
7.97299442596755e+06
7.97299958979400e+06
7.97299691515592e+06
7.97299930974724e+06
7.97299738246540e+06
7.97299714466919e+06
7.97299816586702e+06
7.97299827328543e+06
7.97300380700929e+06
7.97300507731645e+06
7.97299567306494e+06
7.97299798768787e+06
7.97300295846230e+06
7.97299604012820e+06
7.97299333859104e+06
7.97300103921162e+06
7.97299332132634e+06
7.97299626354926e+06
7.97299849934977e+06
7.97299724595327e+06
7.97300095363976e+06
7.97299322259135e+06
7.97300019571664e+06
7.97299539685859e+06
7.97299336832470e+06
7.97299504648653e+06
7.97299410564634e+06
7.97299786133950e+06
7.97299720293467e+06
7.97299720521883e+06
7.97299548858902e+06
7.97299626951019e+06
7.97299249369929e+06
7.97299580531652e+06
7.97299346388615e+06
7.97299931168775e+06
7.97300604859243e+06
7.97299555293012e+06
7.97299194307079e+06
7.97299803010441e+06
7.97299961572137e+06
7.97300195581563e+06
7.97299989055064e+06
7.97299353501987e+06
7.97299700183521e+06
7.97299890229785e+06
7.97299310763090e+06
7.97299889116957e+06
7.97299883732057e+06
7.97299395472964e+06
7.97300550115996e+06
7.97299805860212e+06
7.97299672952436e+06
7.97300055245521e+06
7.97300148479859e+06
7.97299899747785e+06
7.97299703324538e+06
7.97299778556604e+06
7.97299699113152e+06
7.97300099691374e+06
7.97299767007034e+06
7.97299584770147e+06
7.97299983587339e+06
7.97299412420745e+06
7.97299416428187e+06
7.97299842495115e+06
7.97299930482297e+06
