7.97300645927867e+06
7.97300729135932e+06
7.97300527009223e+06
7.97300592993936e+06
7.97300640092132e+06
7.97300629542043e+06
7.97300584513986e+06
7.97300519742407e+06
7.97300672297338e+06
7.97300612827040e+06
7.97300579256232e+06
7.97300573278688e+06
7.97300612602419e+06
7.97300666150440e+06
7.97300612843114e+06
7.97300652463167e+06
7.97300477246972e+06
7.97300535041432e+06
7.97300642867013e+06
7.97300608968586e+06
7.97300550125998e+06
7.97300656657398e+06
7.97300609647284e+06
7.97300670516846e+06
7.97300546053493e+06
7.97300522915737e+06
7.97300579429800e+06
7.97300581622309e+06
7.97300628761058e+06
7.97300658729938e+06
7.97300635592648e+06
7.97300561348619e+06
7.97300606187500e+06
7.97300692859823e+06
7.97300551245940e+06
7.97300595988235e+06
7.97300549777594e+06
7.97300589855362e+06
7.97300576851270e+06
7.97300618049048e+06
7.97300606706817e+06
7.97300580615474e+06
7.97300598791282e+06
7.97300579943835e+06
7.97300525702301e+06
7.97300651028865e+06
7.97300563836246e+06
7.97300555937367e+06
7.97300539082097e+06
7.97300558637853e+06
7.97300610946687e+06
7.97300512040091e+06
7.97300618300551e+06
7.97300625919793e+06
7.97300620390892e+06
7.97300579127293e+06
7.97300511999365e+06
7.97300574616553e+06
7.97300591421955e+06
7.97300605492801e+06
7.97300575395273e+06
7.97300617434081e+06
7.97300656579624e+06
7.97300638458462e+06
7.97300606975143e+06
7.97300586945372e+06
7.97300582104931e+06
7.97300619536551e+06
7.97300552551793e+06
7.97300640595670e+06
7.97300642123193e+06
7.97300531886093e+06
7.97300590163175e+06
7.97300693726720e+06
7.97300654857593e+06
7.97300599101402e+06
7.97300566914241e+06
7.97300664469678e+06
7.97300513415758e+06
7.97300615265473e+06
7.97300602785724e+06
7.97300686120181e+06
7.97300598025272e+06
7.97300531390873e+06
7.97300552041563e+06
7.97300532456512e+06
7.97300645020558e+06
7.97300616729743e+06
7.97300571158965e+06
7.97300649167953e+06
7.97300583673575e+06
7.97300586359156e+06
7.97300575230876e+06
7.97300581098317e+06
7.97300662749009e+06
7.97300628852061e+06
7.97300504837125e+06
7.97300597703222e+06
7.97300643563273e+06
7.97300578672576e+06
