6.58721220521302e+05
6.58721912681578e+05
6.58724270055475e+05
6.58720719888289e+05
6.58722443388198e+05
6.58721579359011e+05
6.58721042842101e+05
6.58721878839125e+05
6.58721906197826e+05
6.58722745204732e+05
6.58722567205105e+05
6.58721960214104e+05
6.58721152600973e+05
6.58722455832385e+05
6.58723311496953e+05
6.58723781561761e+05
6.58722324389904e+05
6.58720758092714e+05
6.58720871824611e+05
6.58720334347813e+05
6.58721610704058e+05
6.58720696809575e+05
6.58723055262679e+05
6.58718024501011e+05
6.58722495482982e+05
6.58723554483589e+05
6.58722967722107e+05
6.58723094958304e+05
6.58721721759647e+05
6.58720883395117e+05
6.58722684973259e+05
6.58722355761208e+05
6.58719511271857e+05
6.58721065941172e+05
6.58723581591225e+05
6.58722887378588e+05
6.58722178465343e+05
6.58720705183061e+05
6.58722795991160e+05
6.58721047769705e+05
6.58721271047317e+05
6.58720759932522e+05
6.58721782178526e+05
6.58719997092836e+05
6.58722545386849e+05
6.58720786042395e+05
6.58720848125613e+05
6.58722348313621e+05
6.58723871481188e+05
6.58722554687820e+05
6.58723932029256e+05
6.58723744994756e+05
6.58722138602181e+05
6.58721693377185e+05
6.58723285951690e+05
6.58720435611716e+05
6.58721678111388e+05
6.58724552661896e+05
6.58721951941884e+05
6.58724684484201e+05
6.58720760168151e+05
6.58720560567998e+05
6.58721435829120e+05
6.58720791980876e+05
6.58722540260953e+05
6.58721393149837e+05
6.58723203978255e+05
6.58721765011721e+05
6.58721808870399e+05
6.58720379937232e+05
6.58720394004746e+05
6.58720459977587e+05
6.58721409182310e+05
6.58722408095884e+05
6.58722551415141e+05
6.58719966971075e+05
6.58723073307197e+05
6.58722369382452e+05
6.58720903977262e+05
6.58722977992672e+05
6.58721762272605e+05
6.58723331908155e+05
6.58721760292140e+05
6.58724083163949e+05
6.58720851182824e+05
6.58722440538910e+05
6.58720896520289e+05
6.58721375480582e+05
6.58720287398508e+05
6.58723749013204e+05
6.58719848612425e+05
6.58720483573895e+05