6.58726367901870e+05
6.58723633866849e+05
6.58725478311341e+05
6.58726391891491e+05
6.58725165096953e+05
6.58725864188857e+05
6.58725289243331e+05
6.58725582690612e+05
6.58725711900576e+05
6.58722774943332e+05
6.58726936154185e+05
6.58724546479060e+05
6.58725729612367e+05
6.58725572323740e+05
6.58725103741511e+05
6.58725292680697e+05
6.58726604976477e+05
6.58724779307824e+05
6.58723687641355e+05
6.58725664986438e+05
6.58723674219454e+05
6.58726717320178e+05
6.58727211466126e+05
6.58725627863264e+05
6.58725742817705e+05
6.58726240754607e+05
6.58725776167217e+05
6.58724901865251e+05
6.58725690807269e+05
6.58727413258317e+05
6.58725509686884e+05
6.58727846919702e+05
6.58725364946229e+05
6.58724986716413e+05
6.58726809822592e+05
6.58725591149440e+05
6.58726656397916e+05
6.58724511738487e+05
6.58725312499393e+05
6.58725791656240e+05
6.58723579149931e+05
6.58724097162558e+05
6.58724173344613e+05
6.58725040342161e+05
6.58725276070878e+05
6.58725496890307e+05
6.58727224621831e+05
6.58724151164728e+05
6.58725275224053e+05
6.58726811019931e+05
6.58726245213913e+05
6.58726166010608e+05
6.58722720423443e+05
6.58726345413148e+05
6.58725399263554e+05
6.58724371534801e+05
6.58725040383162e+05
6.58724838528668e+05
6.58726881434568e+05
6.58726727762772e+05
6.58726369252093e+05
6.58727946308847e+05
6.58724907111991e+05
6.58727364793055e+05
6.58725133734782e+05
6.58727027164094e+05
6.58725877488523e+05
6.58725586611675e+05
6.58725892274942e+05
6.58725230253762e+05
6.58727696117595e+05
6.58725705017017e+05
6.58724337276549e+05

