6.58732215250500e+05
6.58728896717026e+05
6.58732508717346e+05
6.58730053716764e+05
6.58729663253566e+05
6.58729447853908e+05
6.58730826667059e+05
6.58730414357248e+05
6.58731873748062e+05
6.58730733320782e+05
6.58731784968520e+05
6.58732045756965e+05
6.58731611326451e+05
6.58731634154378e+05
6.58731226978011e+05
6.58729592583153e+05
6.58730548818823e+05
6.58731971741428e+05
6.58733360131150e+05
6.58731006293510e+05
6.58732150525601e+05
6.58730784586299e+05
6.58731240079255e+05
6.58731727141277e+05
6.58730703787782e+05
6.58732943604410e+05
6.58728663449896e+05
6.58732898250592e+05
6.58729278303278e+05
6.58731959813844e+05
6.58729424732404e+05
6.58730915721102e+05
6.58731894210966e+05
6.58731728795596e+05
6.58731380383792e+05
6.58730122723009e+05
6.58731342960774e+05
6.58731066434514e+05
6.58730010154923e+05
6.58733173899041e+05
6.58729911706623e+05
6.58731212551891e+05
6.58729831254217e+05
6.58731866400865e+05
6.58732376502006e+05
6.58730250226608e+05
6.58732003583585e+05
6.58731668229292e+05
6.58731388143820e+05
6.58731465685331e+05
6.58731443079461e+05
6.58731943464480e+05
6.58731453873032e+05
6.58729149239311e+05
6.58731864855574e+05
6.58732058823622e+05
6.58730005042817e+05
6.58730371056700e+05
6.58732168118329e+05
6.58731559604481e+05
6.58733930448181e+05
6.58733122643673e+05
6.58731068046342e+05
6.58731035921249e+05
6.58732299075510e+05
6.58728862347300e+05
6.58731043996201e+05
6.58729862922961e+05
6.58731208009404e+05
6.58730950801638e+05
6.58729016331055e+05
6.58729666152003e+05
6.58733753678518e+05
6.58731628449860e+05
6.58732339183696e+05
6.58731179470079e+05
6.58730381413394e+05
6.58731310783170e+05
6.58732999741197e+05
6.58731053856710e+05
6.58731989399712e+05
6.58730868790699e+05
6.58729975646326e+05
6.58731806054108e+05
6.58730353518613e+05
6.58730878869077e+05
6.58729338564176e+05
6.58731670161142e+05
6.58730991509442e+05
6.58730959136680e+05
6.58729933980106e+05
6.58733433841254e+05
6.58731353270209e+05
6.58731194413953e+05
6.58731554261037e+05
6.58731002690401e+05
6.58732300564823e+05
6.58731599789242e+05
6.58732310448576e+05
6.58733054121311e+05
6.58731512702563e+05
6.58730840321814e+05
6.58731756705376e+05
6.58730056158109e+05
6.58733563543051e+05
6.58733033420002e+05
6.58731624332815e+05
6.58732772403019e+05
6.58730582235158e+05
6.58730829899109e+05
6.58731223750026e+05
6.58730964128980e+05
6.58732565973250e+05
6.58731958947446e+05
6.58731250740650e+05
6.58730307706761e+05