2.99489017920553e+05
2.99487950775462e+05
2.99488886914495e+05
2.99487298538492e+05
2.99487674814691e+05
2.99489281845891e+05
2.99488524117728e+05
2.99488212607382e+05
2.99488897803779e+05
2.99489559813635e+05
2.99489135150320e+05
2.99489460529051e+05
2.99487831767616e+05
2.99487678295787e+05
2.99488029544119e+05
2.99488446475212e+05
2.99487823500631e+05
2.99487418520199e+05
2.99487486831610e+05
2.99487629755593e+05
2.99488103872478e+05
2.99489211487092e+05
2.99488468150663e+05
2.99489885265809e+05
2.99488370896970e+05
2.99488236000275e+05
2.99487999564072e+05
2.99488742059039e+05
2.99488014377062e+05
2.99487884700236e+05
2.99487716379511e+05
2.99488857226136e+05
2.99488161879952e+05
2.99489287192042e+05
2.99488185098966e+05
2.99487905100058e+05
2.99488133500022e+05
2.99488740706377e+05
2.99488153218904e+05
2.99488516274635e+05
2.99488575228265e+05
2.99488577859356e+05
2.99488292185829e+05
2.99488781836742e+05
2.99488290927087e+05
2.99487300639981e+05
2.99488249354043e+05
2.99489855305305e+05
2.99487455263915e+05
2.99489342858432e+05
2.99488398838583e+05
2.99489215815053e+05
2.99488121532967e+05
2.99489512060598e+05
2.99488077328247e+05
2.99487894895870e+05
2.99489006588792e+05
2.99488976656513e+05
2.99488966852107e+05
2.99489178918633e+05
2.99487558182211e+05
2.99488294034452e+05
2.99486561229959e+05
2.99488250849553e+05
2.99488123880053e+05
2.99488640304605e+05
2.99488372804241e+05
2.99487516652078e+05
2.99488472656012e+05
2.99488895707966e+05
2.99487394751000e+05
2.99487935901432e+05
2.99487879989701e+05
2.99489261470275e+05
2.99488533948072e+05
2.99487763782136e+05
2.99488580787869e+05
2.99488136925194e+05
2.99487922165590e+05
2.99488126344106e+05
2.99488865889115e+05
2.99488451968265e+05
2.99488307561669e+05
2.99488649529348e+05
2.99488545515716e+05
2.99489197358761e+05
2.99488031518981e+05
2.99488678037599e+05
2.99488563168393e+05
2.99488553925050e+05
2.99488117341874e+05
2.99488272389070e+05
2.99488523870949e+05
2.99489515292568e+05
2.99488185051432e+05
2.99488564145406e+05
2.99487968186153e+05
2.99487764735322e+05
2.99487751665406e+05
2.99488589041549e+05
