2.99451154238859e+05
2.99450605783606e+05
2.99450799676003e+05
2.99451080325328e+05
2.99450568973824e+05
2.99451506843115e+05
2.99450676338352e+05
2.99450798598058e+05
2.99450905395298e+05
2.99450722151806e+05
2.99451078241439e+05
2.99451222209755e+05
2.99451032854397e+05
2.99450843364965e+05
2.99451105664313e+05
2.99450968580752e+05
2.99450531988922e+05
2.99451155128478e+05
2.99451151459162e+05
2.99451194413597e+05
2.99451035419284e+05
2.99451355933490e+05
2.99451035639618e+05
2.99450665654605e+05
2.99450964613669e+05
2.99451191703693e+05
2.99451193209343e+05
2.99450963891638e+05
2.99451059131668e+05
2.99451027174741e+05
2.99451229206568e+05
2.99450660554348e+05
2.99451499936466e+05
2.99451027636946e+05
2.99450868004665e+05
2.99450853024939e+05
2.99450771364881e+05
2.99450318397306e+05
2.99450909925924e+05
2.99451209902241e+05
2.99450596800687e+05
2.99451332703063e+05
2.99450743259703e+05
2.99451084824969e+05
2.99450963270071e+05
2.99451032081563e+05
2.99450892393316e+05
2.99450974871663e+05
2.99451411606399e+05
2.99450941821867e+05
2.99451271825169e+05
2.99450621064324e+05
2.99450785624414e+05
2.99451605781158e+05
2.99450709303115e+05
2.99451287009391e+05
2.99450803710621e+05
2.99450993736590e+05
2.99450927852928e+05
2.99450756961946e+05
2.99451033489135e+05
2.99451129134738e+05
2.99450907721692e+05
2.99451319796043e+05
2.99450985303498e+05
2.99450521539778e+05
2.99450834510909e+05
2.99450887094254e+05
2.99450783118721e+05
2.99451175075006e+05
2.99450818801510e+05
2.99451067927067e+05
2.99451065312331e+05
2.99450838918415e+05
2.99450936588384e+05
2.99450945176455e+05
2.99451240288925e+05
2.99451081738255e+05
2.99451188239623e+05
2.99450685905353e+05
2.99450912672720e+05
2.99451313525023e+05
2.99450481557770e+05
2.99451045837606e+05
2.99450974902876e+05
2.99450907526708e+05
2.99451282196460e+05
2.99451384306377e+05
2.99450993850270e+05
2.99451012207431e+05
2.99451099502605e+05
2.99451295220626e+05
2.99451106927939e+05
2.99450819722294e+05
2.99450751339501e+05
2.99450372520324e+05
2.99451341578756e+05
2.99450451866573e+05
2.99451017341348e+05
2.99451305629148e+05
