2.99487223222829e+05
2.99487386094833e+05
2.99487743095101e+05
2.99487120736033e+05
2.99487672523491e+05
2.99487436279468e+05
2.99487681653541e+05
2.99487444754892e+05
2.99486310188534e+05
2.99486246398019e+05
2.99487326329090e+05
2.99488510520939e+05
2.99487543656846e+05
2.99487675664041e+05
2.99487785840907e+05
2.99487391993111e+05
2.99487135905297e+05
2.99488007290293e+05
2.99488225169667e+05
2.99487235305360e+05
2.99487672393166e+05
2.99488371805054e+05
2.99486884110221e+05
2.99487255141191e+05
2.99487946447226e+05
2.99486813686857e+05
2.99487259274207e+05
2.99487374840450e+05
2.99486589607793e+05
2.99486985046902e+05
2.99487591241507e+05
2.99487257905433e+05
2.99486910629604e+05
2.99487607010493e+05
2.99487482405081e+05
2.99488271831419e+05
2.99487761388960e+05
2.99486950265674e+05
2.99487056998773e+05
2.99487672393946e+05
2.99488190118255e+05
2.99487678663061e+05
2.99487953141809e+05
2.99487841683610e+05
2.99488211595334e+05
2.99487805610240e+05
2.99486313091570e+05
2.99487499624040e+05
2.99487878081797e+05
2.99487402534213e+05
2.99487347632796e+05
2.99486509604183e+05
2.99486096643230e+05
2.99487493436664e+05
2.99486905733978e+05
2.99487551116384e+05
2.99487376207378e+05
2.99487388874468e+05
2.99487483088905e+05
2.99487470817962e+05
2.99487733327138e+05
2.99487681035215e+05
2.99487792789111e+05
2.99487297063709e+05
2.99488209035328e+05
2.99487451924629e+05
2.99487384973684e+05
2.99487119841942e+05
2.99487080331445e+05
2.99487417637964e+05
2.99488385898477e+05
2.99487735252755e+05
2.99488471154067e+05
2.99487151796383e+05
2.99487633710178e+05
2.99487962557852e+05
2.99487391145013e+05
2.99486082888558e+05
2.99487931119613e+05
2.99486968748400e+05
2.99487666374019e+05
2.99487443690157e+05
2.99487426378819e+05
2.99487515924185e+05
2.99487075040448e+05
2.99487658204779e+05
2.99487565047994e+05
2.99488012079817e+05
2.99487057886297e+05
2.99487596170569e+05
2.99487636934672e+05
2.99487196358785e+05
2.99488057950869e+05
2.99487123017205e+05
2.99487871403399e+05
2.99487526943045e+05
2.99487852526698e+05
2.99487672892131e+05
2.99487315587709e+05
2.99486994540815e+05
