2.99450303654711e+05
2.99450964692098e+05
2.99451180120083e+05
2.99451164434842e+05
2.99451232413547e+05
2.99450967714278e+05
2.99450987264000e+05
2.99451009044842e+05
2.99451128895041e+05
2.99450914276156e+05
2.99451060168573e+05
2.99450859954971e+05
2.99450943512333e+05
2.99451015511513e+05
2.99450886076939e+05
2.99451044427435e+05
2.99450855384819e+05
2.99451276254698e+05
2.99450801596910e+05
2.99450746505849e+05
2.99450845649531e+05
2.99450883055475e+05
2.99450719844440e+05
2.99451241467528e+05
2.99450854186560e+05
2.99451044555917e+05
2.99450865176092e+05
2.99450563530902e+05
2.99451006207840e+05
2.99450844749767e+05
2.99450763920314e+05
2.99451022753308e+05
2.99450708637130e+05
2.99451083373038e+05
2.99451004700191e+05
2.99450868677877e+05
2.99450740655819e+05
2.99451131777030e+05
2.99450892954313e+05
2.99451243690598e+05
2.99450943879940e+05
2.99451189581886e+05
2.99450584649141e+05
2.99451096757959e+05
2.99451149308636e+05
2.99451352838048e+05
2.99450626337066e+05
2.99450661184886e+05
2.99450769471092e+05
2.99451031810101e+05
2.99451010411171e+05
2.99450952886951e+05
2.99450587841319e+05
2.99450799395412e+05
2.99450921481982e+05
2.99451223884315e+05
2.99451057718524e+05
2.99450919274083e+05
2.99451055981975e+05
2.99450806485871e+05
2.99451269874472e+05
2.99451092177474e+05
2.99450742357026e+05
2.99450833769408e+05
2.99450953206109e+05
2.99451186623046e+05
2.99450722250111e+05
2.99450670723308e+05
2.99450888770127e+05
2.99450502570409e+05
2.99451115868665e+05
2.99450577491761e+05
2.99451059075831e+05
2.99450875222047e+05
2.99450894154060e+05
2.99450947139861e+05
2.99450810528031e+05
2.99450579836053e+05
2.99450686281352e+05
2.99451075292561e+05
2.99450505231563e+05
2.99450891381936e+05
2.99450844249852e+05
2.99450867736911e+05
2.99450898321492e+05
2.99450654899300e+05
2.99450840301630e+05
2.99451192941543e+05
2.99451161193614e+05
2.99451070526369e+05
2.99450715004084e+05
2.99451181083554e+05
2.99450861132776e+05
2.99451315025140e+05
2.99450672310442e+05
2.99450971358578e+05
2.99450928229459e+05
2.99451282944979e+05
2.99450949917271e+05
2.99451022604454e+05
