2.82877681147400e+05
2.82878061949398e+05
2.82881188683377e+05
2.82877726251278e+05
2.82878556285041e+05
2.82877137167276e+05
2.82877718490278e+05
2.82878478367270e+05
2.82878611497829e+05
2.82878344767586e+05
2.82879452370693e+05
2.82879649112023e+05
2.82878647796718e+05
2.82879128044716e+05
2.82879558894930e+05
2.82877835098984e+05
2.82879038108568e+05
2.82878966503365e+05
2.82879060266019e+05
2.82878320928649e+05
2.82878181625126e+05
2.82879350385854e+05
2.82877747598616e+05
2.82879883102436e+05
2.82879844577740e+05
2.82878166264280e+05
2.82877771431544e+05
2.82878910470947e+05
2.82877610445405e+05
2.82878780390293e+05
2.82877982231775e+05
2.82879178469283e+05
2.82878988372781e+05
2.82879531605642e+05
2.82878130755035e+05
2.82876944217817e+05
2.82878771744893e+05
2.82879481689095e+05
2.82877692017246e+05
2.82877843457646e+05
2.82878771489647e+05
2.82878920361017e+05
2.82879115174943e+05
2.82878721400871e+05
2.82876560061250e+05
2.82878941520652e+05
2.82878069609411e+05
2.82878325338044e+05
2.82879894073005e+05
2.82878449527147e+05
2.82878247754170e+05
2.82878866745337e+05
2.82878323264284e+05
2.82879366402946e+05
2.82880939807142e+05
2.82879622984141e+05
2.82877096330087e+05
2.82878622683358e+05
2.82879869295347e+05
2.82877820510093e+05
2.82877739547227e+05
2.82878900308592e+05
2.82878393518479e+05
2.82877798312714e+05
2.82877781539169e+05
2.82877434822067e+05
2.82878521573922e+05
2.82878873394553e+05
2.82877890128212e+05
2.82878516192772e+05
2.82878969159550e+05
2.82879893201179e+05
2.82879080741685e+05
2.82878105752767e+05
2.82878631066201e+05
2.82879308096671e+05
2.82878057066202e+05
2.82878835980011e+05
2.82878180334051e+05
2.82878182513247e+05
2.82879263794256e+05
2.82878042491800e+05
2.82878843546473e+05
2.82879197784991e+05
2.82878368719504e+05
2.82878543850478e+05
2.82879764637330e+05
2.82879202465328e+05
2.82879539183440e+05
2.82879246364028e+05
2.82877891577258e+05
2.82878735333713e+05
2.82877564642363e+05
2.82878394331507e+05
2.82879881918508e+05
2.82878836814862e+05
2.82879512899673e+05
2.82877609455449e+05
2.82877835694797e+05
2.82877454154080e+05
