2.82873108486253e+05
2.82873083584734e+05
2.82872759758909e+05
2.82873862982736e+05
2.82873687108065e+05
2.82873120524073e+05
2.82873791017319e+05
2.82872536088917e+05
2.82873300315181e+05
2.82873869697092e+05
2.82873071668276e+05
2.82872737786317e+05
2.82873492763004e+05
2.82872276578421e+05
2.82874377966704e+05
2.82873218801453e+05
2.82873654020924e+05
2.82873144186561e+05
2.82873533544120e+05
2.82873015162847e+05
2.82872971833640e+05
2.82872428978591e+05
2.82872490661725e+05
2.82872398983071e+05
2.82871778124113e+05
2.82872362316291e+05
2.82873762416236e+05
2.82872852529182e+05
2.82873236625934e+05
2.82873193556439e+05
2.82872485767425e+05
2.82872689106439e+05
2.82874155901349e+05
2.82873687739162e+05
2.82873058683883e+05
2.82872959523507e+05
2.82872586823974e+05
2.82873284099646e+05
2.82872931391434e+05
2.82871735802379e+05
2.82873718790379e+05
2.82872860775801e+05
2.82872999321003e+05
2.82872710147768e+05
2.82873846628063e+05
2.82873252249204e+05
2.82873897695556e+05
2.82873616463349e+05
2.82874157376347e+05
2.82873511686594e+05
2.82872247625800e+05
2.82872467821870e+05
2.82874291398736e+05
2.82874788990758e+05
2.82873662677858e+05
2.82872270682920e+05
2.82872656014031e+05
2.82872012882313e+05
2.82873524971004e+05
2.82873051711735e+05
2.82875017202172e+05
2.82873649924217e+05
2.82873879829729e+05
2.82872462954309e+05
2.82872034092203e+05
2.82872410382800e+05
2.82871765858950e+05
2.82872941109002e+05
2.82872874751435e+05
2.82872557425342e+05
2.82872288577250e+05
2.82873640556090e+05
2.82873378515328e+05
2.82872926360717e+05
2.82873188836147e+05
2.82873195887255e+05
2.82872408925626e+05
2.82873706914504e+05
2.82872490319210e+05
2.82872294389011e+05
2.82873958774674e+05
2.82872863627395e+05
2.82872694813707e+05
2.82872945886904e+05
2.82873330848190e+05
2.82873537200272e+05
2.82873385076790e+05
2.82873016018511e+05
2.82873349089005e+05
2.82872852263358e+05
2.82872402699296e+05
2.82873899912191e+05
2.82872399935988e+05
2.82873614927229e+05
2.82873232603221e+05
2.82873997320047e+05
2.82873289620502e+05
2.82874397262205e+05
2.82872875036433e+05
2.82872579204226e+05
