2.82878486567705e+05
2.82878788527671e+05
2.82878780595786e+05
2.82878471360532e+05
2.82880053852989e+05
2.82878760517086e+05
2.82877753708879e+05
2.82878283748945e+05
2.82878528367980e+05
2.82879703220613e+05
2.82879315253974e+05
2.82878893630373e+05
2.82878805437653e+05
2.82879216997753e+05
2.82879521898078e+05
2.82880109397645e+05
2.82879862875201e+05
2.82879030270335e+05
2.82878791126259e+05
2.82878911847697e+05
2.82879718989693e+05
2.82879112528227e+05
2.82879399664085e+05
2.82878901359159e+05
2.82880877502198e+05
2.82878030348925e+05
2.82879501306501e+05
2.82878542676144e+05
2.82878859004895e+05
2.82879023911262e+05
2.82880251308975e+05
2.82879853291179e+05
2.82879996590430e+05
2.82878824619536e+05
2.82877207732785e+05
2.82879265020077e+05
2.82880066154569e+05
2.82878992365238e+05
2.82878938259622e+05
2.82878406877163e+05
2.82880644346191e+05
2.82879481666184e+05
2.82880305425638e+05
2.82877527724206e+05
2.82879649942600e+05
2.82877624757067e+05
2.82878448526309e+05
2.82879821787147e+05
2.82878431888368e+05
2.82881495023776e+05
2.82878564309973e+05
2.82877671827181e+05
2.82878008185279e+05
2.82879886048629e+05
2.82878914470362e+05
2.82878904639378e+05
2.82878985263059e+05
2.82878038654700e+05
2.82878036409760e+05
2.82878569892356e+05
2.82880317561496e+05
2.82877938003962e+05
2.82878604311125e+05
2.82878891794547e+05
2.82880042023903e+05
2.82878950051923e+05
2.82878841462917e+05
2.82878784320859e+05
2.82879788393069e+05
2.82880632964435e+05
2.82879004187506e+05
2.82878744030029e+05
2.82878564015774e+05
2.82878019237452e+05
2.82879130772871e+05
2.82879107436467e+05
2.82880263100078e+05
2.82878728463505e+05
2.82877595484579e+05
2.82879902623264e+05
2.82878618296168e+05
2.82880019538077e+05
2.82877546532346e+05
2.82881207920102e+05
2.82877856379551e+05
2.82880090759851e+05
2.82876700182003e+05
2.82878362128448e+05
2.82879324318602e+05
2.82880736410190e+05
2.82879377610794e+05
2.82879568421932e+05
2.82879556632993e+05
2.82879087672536e+05
2.82879525674661e+05
2.82879216227881e+05
2.82878887991513e+05
2.82878447796995e+05
2.82878744636680e+05
2.82878833061253e+05
