2.82872986324875e+05
2.82873647796301e+05
2.82874029831735e+05
2.82872830351949e+05
2.82873362122409e+05
2.82872159941981e+05
2.82873019999063e+05
2.82872937800002e+05
2.82874046120403e+05
2.82872969995037e+05
2.82872917682799e+05
2.82872985007017e+05
2.82873535547240e+05
2.82872894317155e+05
2.82873150322858e+05
2.82873047197772e+05
2.82873102768665e+05
2.82872942909012e+05
2.82873118255887e+05
2.82872578067676e+05
2.82873153086750e+05
2.82873167188117e+05
2.82873054889842e+05
2.82873514051044e+05
2.82872958632984e+05
2.82872723685791e+05
2.82872536631251e+05
2.82873419221195e+05
2.82873650597897e+05
2.82872302477159e+05
2.82873816908821e+05
2.82874550066178e+05
2.82872650672652e+05
2.82872430321961e+05
2.82873063747870e+05
2.82873310127498e+05
2.82873370210655e+05
2.82872305001478e+05
2.82873665986227e+05
2.82873688842138e+05
2.82872763339945e+05
2.82871827395537e+05
2.82872701023663e+05
2.82873884976811e+05
2.82872750239769e+05
2.82872629769876e+05
2.82872417482268e+05
2.82872181708637e+05
2.82873465767945e+05
2.82873524472158e+05
2.82873161840269e+05
2.82874547191287e+05
2.82873940418850e+05
2.82873289344742e+05
2.82872939691481e+05
2.82873057626698e+05
2.82873041648926e+05
2.82872752299725e+05
2.82872607675016e+05
2.82872319322559e+05
2.82873156904875e+05
2.82872983205825e+05
2.82873467968170e+05
2.82872748042924e+05
2.82873121822712e+05
2.82872487558739e+05
2.82873255438859e+05
2.82873281532549e+05
2.82872521801726e+05
2.82873258441179e+05
2.82872694181165e+05
2.82872090120510e+05
2.82873762086394e+05
2.82872536061616e+05
2.82874612570413e+05
2.82873343356874e+05
2.82873057847175e+05
2.82873453693640e+05
2.82872723712702e+05
2.82874119861358e+05
2.82872989472306e+05
2.82873664832006e+05
2.82873065761123e+05
2.82873414691963e+05
2.82872320443682e+05
2.82873190929225e+05
2.82873484976230e+05
2.82873474695945e+05
2.82872809612340e+05
2.82872123483841e+05
2.82871440104691e+05
2.82872425000609e+05
2.82872637775526e+05
2.82873423199310e+05
2.82872306865596e+05
2.82873250059480e+05
2.82873590217717e+05
2.82872699930215e+05
2.82873259782726e+05
2.82871894163654e+05
