1.20574805577255e+05
1.20575501202275e+05
1.20575020970431e+05
1.20575169699933e+05
1.20574981348853e+05
1.20575243632735e+05
1.20576010940408e+05
1.20575496106462e+05
1.20574935513802e+05
1.20575161561689e+05
1.20575189789551e+05
1.20574782756201e+05
1.20575233495300e+05
1.20574708817064e+05
1.20575263607941e+05
1.20575249210476e+05
1.20575504226075e+05
1.20575446057868e+05
1.20575655523155e+05
1.20574973432582e+05
1.20575266146655e+05
1.20575313533668e+05
1.20575076535102e+05
1.20575170570026e+05
1.20574798869885e+05
1.20575569034916e+05
1.20575724047378e+05
1.20574949764581e+05
1.20573997825876e+05
1.20575609132552e+05
1.20574950862094e+05
1.20575423018068e+05
1.20575046725250e+05
1.20575545858908e+05
1.20575615785545e+05
1.20575065941213e+05
1.20575123209383e+05
1.20575629046375e+05
1.20574979207581e+05
1.20575551574659e+05
1.20574808999198e+05
1.20575009439414e+05
1.20575252565836e+05
1.20575315699053e+05
1.20575443390545e+05
1.20575019270250e+05
1.20575567360059e+05
1.20575128315496e+05
1.20575149550068e+05
1.20575051256163e+05
1.20575806289135e+05
1.20575438323605e+05
1.20575176875424e+05
1.20575209552014e+05
1.20575800747159e+05
1.20575616503159e+05
1.20575381127861e+05
1.20575421823465e+05
1.20575112361401e+05
1.20575258060675e+05
1.20575234002586e+05
1.20574860595700e+05
1.20574999110943e+05
1.20575222603178e+05
1.20575513753997e+05
1.20575009950979e+05
1.20575524967179e+05
1.20575242877971e+05
1.20574735696214e+05
1.20575271626609e+05
1.20575368663117e+05
1.20575579104760e+05
1.20575610653459e+05
1.20575341898004e+05
1.20575497478512e+05
1.20574955667920e+05
1.20575243756975e+05
1.20575104408016e+05
1.20575383571497e+05
1.20575319859262e+05
1.20575262826926e+05
1.20575767307075e+05
1.20575301491761e+05
1.20575104013010e+05
1.20575315404109e+05
1.20575307336271e+05
1.20575349059957e+05
1.20575422100947e+05
1.20575055873294e+05
1.20575512260757e+05
1.20575198731358e+05
1.20575355177066e+05
1.20575530832714e+05
1.20575097622092e+05
1.20575310339379e+05
1.20574933493744e+05
1.20574931278557e+05
1.20574724467746e+05
1.20575191600340e+05
1.20575512354004e+05
