1.20671323192453e+05
1.20671161795828e+05
1.20671863312349e+05
1.20671296168743e+05
1.20671677718404e+05
1.20672329474739e+05
1.20671474817652e+05
1.20671114049545e+05
1.20671205921119e+05
1.20671166982692e+05
1.20671536999242e+05
1.20671276020357e+05
1.20671636742013e+05
1.20671234240605e+05
1.20671209884215e+05
1.20671588497278e+05
1.20671691135711e+05
1.20671258140656e+05
1.20671308098561e+05
1.20670986168853e+05
1.20671427936189e+05
1.20671175433891e+05
1.20670995189138e+05
1.20671020280400e+05
1.20671310800273e+05
1.20671512179704e+05
1.20671416693202e+05
1.20671771706775e+05
1.20671251604662e+05
1.20671692831767e+05
1.20671300206576e+05
1.20671123824795e+05
1.20671471956263e+05
1.20671364127287e+05
1.20671348038015e+05
1.20670871250245e+05
1.20670684944216e+05
1.20672271264849e+05
1.20671323281545e+05
1.20671410384151e+05
1.20671035676923e+05
1.20671620559606e+05
1.20671468618655e+05
1.20671584717349e+05
1.20671343526225e+05
1.20671287425162e+05
1.20671347510864e+05
1.20671527332811e+05
1.20671391465199e+05
1.20672076412900e+05
1.20671809450686e+05
1.20671479808925e+05
1.20671041358355e+05
1.20670822762023e+05
1.20671740066669e+05
1.20672036167040e+05
1.20671416285871e+05
1.20671101137834e+05
1.20671407318833e+05
1.20671067622988e+05
1.20671296906232e+05
1.20671051974251e+05
1.20671584516667e+05
1.20671823540599e+05
1.20671209582784e+05
1.20671237921840e+05
1.20671432424488e+05
1.20671067832382e+05
1.20670562416576e+05
1.20671155818146e+05
1.20671807973273e+05
1.20670605405016e+05
1.20671409328171e+05
1.20671702457118e+05
1.20672045195536e+05
1.20671379576404e+05
1.20671340348785e+05
1.20671530884636e+05
1.20672030792513e+05
1.20671458075036e+05
1.20671585094652e+05
1.20671292409332e+05
1.20671136387229e+05
1.20671668481188e+05
1.20671366698157e+05
1.20671108798516e+05
1.20671709039390e+05
1.20671188221273e+05
1.20671002883259e+05
1.20671610773796e+05
1.20671345121120e+05
1.20671254267283e+05
1.20671151958087e+05
1.20671423560916e+05
1.20670967251858e+05
1.20670612954514e+05
1.20671342996044e+05
1.20671254671285e+05
1.20671026118653e+05
1.20671434655006e+05
