1.20704416546560e+05
1.20704321438603e+05
1.20704200672587e+05
1.20704172178872e+05
1.20704240738369e+05
1.20704134032754e+05
1.20704148279215e+05
1.20703659318338e+05
1.20703652075660e+05
1.20704632026722e+05
1.20703975194849e+05
1.20704375323728e+05
1.20704504908595e+05
1.20704379374499e+05
1.20704031561881e+05
1.20704372746046e+05
1.20704584642184e+05
1.20704168606171e+05
1.20704339506830e+05
1.20703241377002e+05
1.20703999993590e+05
1.20703369774151e+05
1.20703964631235e+05
1.20704018189156e+05
1.20704835899865e+05
1.20704006644590e+05
1.20704231612246e+05
1.20704756513874e+05
1.20704173912854e+05
1.20703940530573e+05
1.20703714274505e+05
1.20704479119260e+05
1.20704841157970e+05
1.20704399744379e+05
1.20704547220529e+05
1.20703400463684e+05
1.20704319714291e+05
1.20704152210779e+05
1.20704863401693e+05
1.20704389174653e+05
1.20704801180421e+05
1.20704750898591e+05
1.20704975279586e+05
1.20704255953549e+05
1.20705023466930e+05
1.20704156826309e+05
1.20704593203507e+05
1.20704509069125e+05
1.20704245632622e+05
1.20705015685698e+05
1.20704507893996e+05
1.20704647421048e+05
1.20704158319057e+05
1.20704061257314e+05
1.20704499693169e+05
1.20704302500240e+05
1.20704622786610e+05
1.20705104560453e+05
1.20704584755327e+05
1.20704948592253e+05
1.20703912686093e+05
1.20704369980929e+05
1.20703694297550e+05
1.20704374367760e+05
1.20704176006518e+05
1.20704439846053e+05
1.20704379935502e+05
1.20704129020812e+05
1.20703679187764e+05
1.20703805109926e+05
1.20705220249333e+05
1.20704213571547e+05
1.20704423848172e+05
1.20704162293601e+05
1.20704118270056e+05
1.20704923362655e+05
1.20703865687736e+05
1.20704454145062e+05
1.20704752277434e+05
1.20704217433634e+05
1.20705749988951e+05
1.20704244025652e+05
1.20703629886750e+05
1.20704026795358e+05
1.20704318974684e+05
1.20704652343563e+05
1.20704449849427e+05
1.20704004573719e+05
1.20704252732925e+05
1.20704844197641e+05
1.20704323351727e+05
1.20703747770083e+05
1.20704051650433e+05
1.20704562402296e+05
1.20704212021044e+05
1.20704009524206e+05
1.20704270662459e+05
1.20704757319886e+05
1.20704129691716e+05
1.20704902837672e+05
