1.20633237225901e+05
1.20633212895582e+05
1.20633229186091e+05
1.20633146146737e+05
1.20633147645589e+05
1.20633298839166e+05
1.20633493511831e+05
1.20633666324044e+05
1.20633331734141e+05
1.20633428096178e+05
1.20632999310317e+05
1.20633631156314e+05
1.20633926143621e+05
1.20634156254770e+05
1.20633475330658e+05
1.20634196545988e+05
1.20633564098747e+05
1.20633536673328e+05
1.20634266525324e+05
1.20633869904047e+05
1.20633713976520e+05
1.20633668775339e+05
1.20633211724099e+05
1.20633252327401e+05
1.20634419610024e+05
1.20633678828726e+05
1.20633255952631e+05
1.20633738049644e+05
1.20633718618963e+05
1.20633522491886e+05
1.20634363416305e+05
1.20633670013164e+05
1.20633546352689e+05
1.20633427928782e+05
1.20632949530751e+05
1.20634275464886e+05
1.20633047017838e+05
1.20633543881879e+05
1.20632950646734e+05
1.20632642869265e+05
1.20632986761267e+05
1.20633695275437e+05
1.20633272788259e+05
1.20633978331669e+05
1.20633583521075e+05
1.20633953531900e+05
1.20633593960706e+05
1.20633530756270e+05
1.20632351885062e+05
1.20633693149909e+05
1.20632960112100e+05
1.20633881959284e+05
1.20634280317416e+05
1.20633875085295e+05
1.20632953403172e+05
1.20633511237564e+05
1.20633510835738e+05
1.20633175827831e+05
1.20633635046662e+05
1.20633324774197e+05
1.20633987921942e+05
1.20633694114875e+05
1.20633722143998e+05
1.20633346010073e+05
1.20632830913451e+05
1.20633401988971e+05
1.20634059227888e+05
1.20633372980124e+05
1.20633548619252e+05
1.20633541882386e+05
1.20633438441428e+05
1.20634284848902e+05
1.20632829804730e+05
1.20633539956296e+05
1.20634145870321e+05
1.20633827523315e+05
1.20633775608003e+05
1.20633773879065e+05
1.20633721689602e+05
1.20633086160001e+05
1.20633807309924e+05
1.20633951937502e+05
1.20633157636698e+05
1.20632466050713e+05
1.20632428531378e+05
1.20632910131848e+05
1.20633102126371e+05
1.20633874556543e+05
1.20634138780784e+05
1.20632904475234e+05
1.20633770990444e+05
1.20634178316978e+05
1.20633734506421e+05
1.20633165234004e+05
1.20633065458701e+05
1.20632720366270e+05
1.20633308343290e+05
1.20633046756809e+05
1.20633377486604e+05
1.20632714468205e+05
