8.05860503142981e+05
8.05860000895549e+05
8.05859209772057e+05
8.05859857612704e+05
8.05862140806265e+05
8.05859132171256e+05
8.05861726227699e+05
8.05860252860809e+05
8.05860675636526e+05
8.05860674934191e+05
8.05860566087657e+05
8.05859510966852e+05
8.05860554350478e+05
8.05858831842782e+05
8.05860372196409e+05
8.05860516992741e+05
8.05860336185010e+05
8.05860238203275e+05
8.05860569072471e+05
8.05860446359014e+05
8.05860343646498e+05
8.05862528363612e+05
8.05860098877885e+05
8.05860645688973e+05
8.05861613001278e+05
8.05860367036982e+05
8.05860424550056e+05
8.05860601988721e+05
8.05860621306056e+05
8.05859886678599e+05
8.05859678946256e+05
8.05859747146151e+05
8.05861176264889e+05
8.05860597842708e+05
8.05861298181964e+05
8.05860593895992e+05
8.05860231245475e+05
8.05858905469950e+05
8.05861252291365e+05
8.05859609083913e+05
8.05858540317380e+05
8.05859600460725e+05
8.05862042768640e+05
8.05860473172088e+05
8.05860622323908e+05
8.05859311180063e+05
8.05858917116280e+05
8.05858962271833e+05
8.05860208033000e+05
8.05859399366495e+05
8.05861283659274e+05
8.05860829771135e+05
8.05860215200851e+05
8.05860651960996e+05
8.05859692203113e+05
8.05859617674760e+05
8.05860006497064e+05
8.05861246551651e+05
8.05861627678283e+05
8.05859457214341e+05
8.05860745186896e+05
8.05861056159545e+05
8.05859996570778e+05
8.05860551259447e+05
8.05860959245007e+05
8.05860815654460e+05
8.05861157734397e+05
8.05860264662719e+05
8.05859402923879e+05
8.05860764987364e+05
8.05860082396900e+05
8.05860503599436e+05
8.05860339951371e+05
8.05859467019929e+05
8.05861924460554e+05
8.05859570889670e+05
8.05860895451878e+05
8.05860665879954e+05
8.05861777795788e+05
8.05860226070472e+05
8.05860225519666e+05
8.05859108743110e+05
8.05860389930335e+05
8.05860094487293e+05
8.05860843523053e+05
8.05860119217570e+05
8.05860798172446e+05
8.05859876894339e+05
8.05860573700582e+05
8.05860406354399e+05
8.05859274964731e+05
8.05861055643785e+05
8.05861651000305e+05
8.05860027782655e+05
8.05861580977321e+05
8.05861301889886e+05
8.05859559230994e+05
8.05860130410302e+05
8.05860408538435e+05
8.05859677326892e+05