8.05520586724177e+05
8.05520298187067e+05
8.05520203638292e+05
8.05522162123630e+05
8.05520055135426e+05
8.05520668520467e+05
8.05522440326311e+05
8.05521401425944e+05
8.05522740677742e+05
8.05522243275360e+05
8.05520297295614e+05
8.05521246898046e+05
8.05522129527959e+05
8.05521359742177e+05
8.05521365317396e+05
8.05518822394093e+05
8.05519909600426e+05
8.05520873151021e+05
8.05520939606231e+05
8.05520265481774e+05
8.05521898985195e+05
8.05518011150953e+05
8.05522212231272e+05
8.05522396717597e+05
8.05522728611378e+05
8.05522784343439e+05
8.05522121624707e+05
8.05521422453595e+05
8.05521323785477e+05
8.05521075819825e+05
8.05522464359903e+05
8.05521853710407e+05
8.05522191978014e+05
8.05523363992455e+05
8.05524853095799e+05
8.05521063449710e+05
8.05520271624539e+05
8.05521468355913e+05
8.05520254541906e+05
8.05522241060654e+05
8.05520300903238e+05
8.05521402267804e+05
8.05520699380252e+05
8.05521094796196e+05
8.05521524204266e+05
8.05521612036596e+05
8.05522148827998e+05
8.05521278453132e+05
8.05522561091450e+05
8.05520959198591e+05
8.05519450774226e+05
8.05520958220984e+05
8.05520892084290e+05
8.05519349269928e+05
8.05519821414716e+05
8.05520354809952e+05
8.05522632060359e+05
8.05522089501792e+05
8.05521804691825e+05
8.05519291961569e+05
8.05522389910132e+05
8.05522217401868e+05
8.05523350007451e+05
8.05522190596054e+05
8.05520019377565e+05
8.05522555073193e+05
8.05521855067695e+05
8.05521513608571e+05
8.05522794807236e+05
8.05520832748094e+05
8.05523659319072e+05
8.05521347797728e+05
8.05520121193565e+05
8.05521806150837e+05
8.05523158708495e+05
8.05522909085861e+05
8.05522601006880e+05
8.05519447132171e+05
8.05520910780969e+05
8.05521813273420e+05
8.05523721501610e+05
8.05520954973757e+05
8.05521791644253e+05
8.05522695425077e+05
8.05520224949507e+05
8.05520256250350e+05
8.05521014519472e+05
8.05522675166474e+05
8.05522530418247e+05
8.05521913859674e+05
8.05523405716542e+05
8.05523063310077e+05
8.05520896165414e+05
8.05522719986905e+05
8.05521617896556e+05
8.05521939875512e+05
8.05520751862104e+05
8.05522554634966e+05
8.05523212400457e+05
8.05522109062152e+05
