8.05511263783203e+05
8.05517963687861e+05
8.05515464964714e+05
8.05520576411454e+05
8.05520376821707e+05
8.05520952805529e+05
8.05513097872619e+05
8.05512281478566e+05
8.05522729542559e+05
8.05521270113274e+05
8.05523467134170e+05
8.05518046183005e+05
8.05517631447646e+05
8.05516271992388e+05
8.05516438915088e+05
8.05522538161102e+05
8.05519332365867e+05
8.05515379918176e+05
8.05510249404505e+05
8.05516369129594e+05
8.05517687405206e+05
8.05513426500059e+05
8.05519681494472e+05
8.05517913466247e+05
8.05519588484478e+05
8.05521111903312e+05
8.05520928657509e+05
8.05520189703215e+05
8.05518379063969e+05
8.05513648154125e+05
8.05518911225385e+05
8.05522296384322e+05
8.05514525502402e+05
8.05513231685805e+05
8.05519181321982e+05
8.05517684620885e+05
8.05519524003614e+05
8.05519490367175e+05
8.05515531300966e+05
8.05519511884558e+05
8.05518180351692e+05
0.00000000000000e+00
0.00000000000000e+00
0.00000000000000e+00
0.00000000000000e+00
0.00000000000000e+00
0.00000000000000e+00
0.00000000000000e+00
0.00000000000000e+00
0.00000000000000e+00
0.00000000000000e+00
0.00000000000000e+00
0.00000000000000e+00
0.00000000000000e+00
0.00000000000000e+00
0.00000000000000e+00
0.00000000000000e+00
0.00000000000000e+00
0.00000000000000e+00
0.00000000000000e+00
0.00000000000000e+00
0.00000000000000e+00
0.00000000000000e+00
0.00000000000000e+00
0.00000000000000e+00
0.00000000000000e+00
0.00000000000000e+00
0.00000000000000e+00
0.00000000000000e+00
0.00000000000000e+00
0.00000000000000e+00
0.00000000000000e+00
0.00000000000000e+00
0.00000000000000e+00
0.00000000000000e+00
0.00000000000000e+00
0.00000000000000e+00
0.00000000000000e+00
0.00000000000000e+00
0.00000000000000e+00
0.00000000000000e+00
0.00000000000000e+00
0.00000000000000e+00
0.00000000000000e+00
0.00000000000000e+00
0.00000000000000e+00
0.00000000000000e+00
0.00000000000000e+00
0.00000000000000e+00
0.00000000000000e+00
0.00000000000000e+00
0.00000000000000e+00
0.00000000000000e+00
0.00000000000000e+00
0.00000000000000e+00
0.00000000000000e+00
0.00000000000000e+00
0.00000000000000e+00
0.00000000000000e+00
0.00000000000000e+00
