8.05860352653797e+05
8.05859823627194e+05
8.05861042342071e+05
8.05859735431258e+05
8.05860100093225e+05
8.05857528966609e+05
8.05858209935635e+05
8.05859218857855e+05
8.05859548553427e+05
8.05860065086033e+05
8.05858938445805e+05
8.05859236296402e+05
8.05859564783449e+05
8.05862285849981e+05
8.05863555100748e+05
8.05860423012255e+05
8.05860733504544e+05
8.05859557921308e+05
8.05858067184976e+05
8.05858423329390e+05
8.05859305570917e+05
8.05859085376912e+05
8.05861238351386e+05
8.05864529611370e+05
8.05858444738623e+05
8.05860696942712e+05
8.05858932229529e+05
8.05855900231960e+05
8.05859044043993e+05
8.05861960276594e+05
8.05857549160214e+05
8.05862271583990e+05
8.05862954599734e+05
8.05858067679828e+05
8.05858245620592e+05
8.05856497229350e+05
8.05861162659724e+05
8.05865761791955e+05
8.05860577513392e+05
8.05859111349380e+05
8.05857352179724e+05
8.05858401948242e+05
8.05859021262918e+05
8.05857587497828e+05
8.05860190575980e+05
8.05862344570842e+05
8.05861157865811e+05
8.05860444529936e+05
8.05858352630831e+05
8.05860206883341e+05
8.05858983836126e+05
8.05859746950492e+05
8.05858309302399e+05
8.05860459865855e+05
8.05864444469500e+05
8.05858658184324e+05
8.05858193523418e+05
8.05856857982493e+05
8.05859990819510e+05
8.05858574122856e+05
8.05861274658136e+05
8.05860461082382e+05
8.05858471739645e+05
8.05858298344633e+05
8.05856718797882e+05
8.05857072497888e+05
8.05858059774768e+05
8.05863066754538e+05
8.05862953776498e+05
8.05855724407560e+05
8.05862539719530e+05
8.05857287481322e+05
8.05858741305211e+05
8.05864154451051e+05
8.05859518944828e+05
8.05859233545564e+05
8.05861957708136e+05
8.05859992683116e+05
8.05859898748432e+05
8.05858980160159e+05
8.05860150668404e+05
8.05865503157042e+05
8.05856220486653e+05
8.05862436852985e+05
8.05859799619375e+05
8.05862100486025e+05
8.05861593965485e+05
8.05857606210242e+05
8.05857351502061e+05
8.05862968115920e+05
8.05863110219745e+05
8.05859417346979e+05
8.05857113253144e+05
8.05859280607941e+05
8.05856922502106e+05
8.05858279794776e+05
8.05858207433331e+05
8.05861251274542e+05
8.05861202623703e+05
8.05856549478642e+05
