6.95437486212251e+05
6.95438274230741e+05
6.95438270216893e+05
6.95436736684158e+05
6.95438646673017e+05
6.95438142467047e+05
6.95439004568454e+05
6.95440169140081e+05
6.95439535375334e+05
6.95438164520057e+05
6.95438573437402e+05
6.95437224950282e+05
6.95437808460991e+05
6.95437873190562e+05
6.95438118703400e+05
6.95437998528172e+05
6.95437155750119e+05
6.95439464758335e+05
6.95438414263473e+05
6.95437178613112e+05
6.95438578895754e+05
6.95439396066120e+05
6.95437942148455e+05
6.95440532691293e+05
6.95437899093747e+05
6.95436093570464e+05
6.95436290471377e+05
6.95437994200913e+05
6.95439158908715e+05
6.95437909204191e+05
6.95438677678417e+05
6.95439208542003e+05
6.95437653174368e+05
6.95438452031141e+05
6.95438599023416e+05
6.95438151034677e+05
6.95437140839254e+05
6.95438061687157e+05
6.95439292974134e+05
6.95437598739121e+05
6.95437548052507e+05
6.95438456627710e+05
6.95436607685219e+05
6.95438908631457e+05
6.95438781404709e+05
6.95438725738612e+05
6.95438794639724e+05
6.95439136698877e+05
6.95438582147502e+05
6.95438172633482e+05
6.95436915134826e+05
6.95439164014292e+05
6.95439487215713e+05
6.95437562606007e+05
6.95438606373425e+05
6.95437406077731e+05
6.95436827689835e+05
6.95439294252569e+05
6.95435800823604e+05
6.95436746424884e+05
6.95438546080239e+05
6.95437722899909e+05
6.95436764555875e+05
6.95439349186930e+05
6.95437051593716e+05
6.95439030456612e+05
6.95438066915203e+05
6.95438032417202e+05
6.95438543161181e+05
6.95438332356577e+05
6.95436606492952e+05
6.95439179335710e+05
6.95439635909244e+05
6.95437779340985e+05
6.95438100997532e+05
6.95437867997289e+05
6.95440027733886e+05
6.95438228174637e+05
6.95434814150016e+05
6.95439852736260e+05
6.95440055246853e+05
6.95438843119027e+05
6.95438546824166e+05
6.95437977548883e+05
6.95439349764413e+05
6.95437072933966e+05
6.95437269355258e+05
6.95439710654448e+05
6.95439983225068e+05
6.95438475978293e+05
6.95438002864734e+05
6.95438142873180e+05
6.95438791018817e+05
6.95437263315196e+05
6.95439207731945e+05
6.95438272603459e+05
6.95436384515003e+05
6.95437975267697e+05
6.95439053632957e+05
6.95437292218461e+05
