6.95444925231610e+05
6.95442855650346e+05
6.95442211007620e+05
6.95443429479281e+05
6.95444187750546e+05
6.95443629828185e+05
6.95442558470580e+05
6.95444800716314e+05
6.95445416739240e+05
6.95443441736266e+05
6.95444842315228e+05
6.95444405971610e+05
6.95443793602387e+05
6.95444327279703e+05
6.95443722758696e+05
6.95443916664238e+05
6.95444325290800e+05
6.95444809679564e+05
6.95445208499663e+05
6.95444854306154e+05
6.95446098094238e+05
6.95443870185373e+05
6.95444529962770e+05
6.95443981503948e+05
6.95445609093678e+05
6.95444287974316e+05
6.95445689646033e+05
6.95444247664792e+05
6.95442143842631e+05
6.95445325255745e+05
6.95443451371753e+05
6.95443935301156e+05
6.95445002085318e+05
6.95442076694432e+05
6.95442182888146e+05
6.95444339440179e+05
6.95446290074643e+05
6.95445021438432e+05
6.95442356164451e+05
6.95444540374524e+05
6.95443367875185e+05
6.95444169307912e+05
6.95443493436714e+05
6.95445367918387e+05
6.95443929037799e+05
6.95444703210840e+05
6.95442998286058e+05
6.95443783892869e+05
6.95442883660890e+05
6.95443479999435e+05
6.95444680633857e+05
6.95443286907210e+05
6.95442917859091e+05
6.95445265995625e+05
6.95444460156268e+05
6.95444367423460e+05
6.95443193581573e+05
6.95443496215631e+05
6.95444532258914e+05
6.95442706731261e+05
6.95443358385514e+05
6.95444795895669e+05
6.95443793358718e+05
6.95444006351401e+05
6.95444951573371e+05
6.95445129749697e+05
6.95444426970300e+05
6.95444753856884e+05
6.95445092470721e+05
6.95444360404032e+05
6.95443696239387e+05
6.95442887070327e+05
6.95444229591177e+05
6.95444256648294e+05
6.95442040400209e+05
6.95442733806958e+05
6.95444504316065e+05
6.95446426293514e+05
6.95442440350890e+05
6.95442298868830e+05
6.95444479039142e+05
6.95444921615880e+05
6.95444621977798e+05
6.95444371803276e+05
6.95444442442245e+05
6.95443024604876e+05
6.95442678804080e+05
6.95442825278651e+05
6.95444426970300e+05
6.95444753856884e+05
6.95445092470721e+05
6.95444360404032e+05
6.95443696239387e+05
6.95442887070327e+05
6.95444229591177e+05
6.95444256648294e+05
6.95442040400209e+05
6.95442733806958e+05
6.95444393979591e+05
6.95445920322794e+05
