6.95434720813440e+05
6.95435580893619e+05
6.95434811917886e+05
6.95434307536130e+05
6.95434114003777e+05
6.95434103461904e+05
6.95436285709287e+05
6.95433288932294e+05
6.95434379057088e+05
6.95434648842851e+05
6.95435775616346e+05
6.95435191097536e+05
6.95433868444451e+05
6.95434876482458e+05
6.95432623134623e+05
6.95435485914280e+05
6.95437279562046e+05
6.95435388018382e+05
6.95436008739247e+05
6.95433055352368e+05
6.95435464492906e+05
6.95434742641752e+05
6.95433657926391e+05
6.95434154250712e+05
6.95435809413767e+05
6.95435764817528e+05
6.95434405428010e+05
6.95438068927945e+05
6.95434206746442e+05
6.95433885544998e+05
6.95432152410000e+05
6.95435399538182e+05
6.95434516353831e+05
6.95434518501583e+05
6.95435389503842e+05
6.95434588923852e+05
6.95435648383455e+05
6.95435281619228e+05
6.95436213516132e+05
6.95433018011156e+05
6.95434244676683e+05
6.95435970449771e+05
6.95433686788691e+05
6.95435620395843e+05
6.95434579378767e+05
6.95433575874407e+05
6.95434648040367e+05
6.95434418253586e+05
6.95434951631266e+05
6.95433875723458e+05
6.95433643435270e+05
6.95434847187751e+05
6.95432526174076e+05
6.95434535944164e+05
6.95434126462830e+05
6.95434836652642e+05
6.95435902290210e+05
6.95433623023046e+05
6.95434198385923e+05
6.95434459772341e+05
6.95433241142865e+05
6.95435309397764e+05
6.95435925815904e+05
6.95435097315565e+05
6.95434610579160e+05
6.95434605526769e+05
6.95435241619353e+05
6.95433486784631e+05
6.95436587322378e+05
6.95433163512382e+05
6.95435521497028e+05
6.95433088353970e+05
6.95433907238523e+05
6.95434187234396e+05
6.95435405864119e+05
6.95434942158062e+05
6.95433228203165e+05
6.95434316238261e+05
6.95434574730540e+05
6.95433687717500e+05
6.95435698197150e+05
6.95433625607570e+05
6.95433994183454e+05
6.95435193901501e+05
6.95435686467826e+05
6.95435635962656e+05
6.95434726098069e+05
6.95435905445612e+05
6.95434486319690e+05
6.95435652935182e+05
6.95434858142093e+05
6.95434843086601e+05
6.95434263252150e+05
6.95433834612675e+05
6.95436192492874e+05
6.95434466660555e+05
6.95433981792200e+05
6.95432812141335e+05
6.95434230893710e+05
6.95432275782798e+05